Xconq 1 +-++++ 
Uwe.per
5.5.1a (7/19/92)
Map 100 100 0 0 0
100_
3.10+6.=4+8.++..++..4+14.+,12+7.,++18.
3.10+=6.6+6.+3~3+,,8+17.9+5.++7.+=9.
..=12+=8.3+=5.~~..++..,3+.4+18.9+4.++6.3+8.
3.++^^7+%%,==6.3+=18.3+24.4+..4+5.++=8.
3.,+6^3+4%3=.%..5+=17.++27.+..4+5.3+8.
4.3+5^++%%=.=%..=.=9+~14.++30.4+4.,++8.
5.+8^4%=7.4+^^3+3~..3,..3,..+31.4+3.,++8.
5.++4^+3^5%6.%4+^^++3~3,~~3,4+35.3+..++8.
6.++4^++7%==,,3%^3+^^++..~..3,4.++35.10+,4.
7.++3^++13%4^+3^++,48.10+,3.
8.++3^++12%5^+3^++49.9+=3.
9.++^^3+3%.7%6^+3^++49.8+,3.
10.7+%=3.5%11^+50.6+=4.
11.7+,3.5%11^++50.5+5.
13.3+6.=4%10^4+16.++32.5+4.
23.4%11^3+17.3+31.++^+,3.
23.,,3%10^4+17.3+,29.++^^++2.
26.%%5^_4^+=..~16.4+29.++3^++1.
23.%3.%%9^+=..~~16.~4+27.3+3^2+
27.=%8^++4.~~18.4+26.++4^1+
+27.%%7^++5.3~18.4+24.++4^1+
+28.%+6^++7.~~10.~~6.3+%%21.3+4^1+
++14.,13.%+5^++8.3~7.3~8.=3%4.5%++8.4+5^
++13.=3%3.%8.3+^^++=9.4~4.4~9.3%4.6%++7.4+5^
++13.8%10.5+,10.5~.4~9.++%%4.4%^^%%.=5.4+5^
++12.10%10.4+13.7~8.~4+5.5%^^%%+,4.4+4^1+
3+11.10%12.++29.++7.5%^^%%++,3.4+3^2+
++,11.11%51.6%^^4+3.4+^^3+
++12.%%3^6%51.4%.%^^4+3.4+^4+
++,11.%%7^3%51.3%.=%^++^+=3.3+^4+
3+12.%%7^%%52.%%..%^4+=4.7+
3+13.%7^%%53.+3.5+,5.6+
3+14.%6^%%54.,..=4+6.6+
3+15.%%3^3%60.,+7.5+
++=16.%%^4%68.,..3+
+=18.6%72.2+
20.6%68.,4.1,
20.6%21.,46.,5.
11.+,7.=5%74.
11.3+7.6%73.
12.++=6.7%72.
13.3+=4.=7%35.,~34.
..4+7.=7+=.7%33.,4+32.
.,3~3+7.7+.=7%30.~~6+31.
..4~^++7.5+,..4%^^%%30.7+31.
..4~^++9.++5.3%3^%%29.8+30.
..4~^^++16.,%3^3%30.7+22.4~3.
3.3~^^~+18.6%32.~+^3+21.6~1.
4.~~3^~+18.=3%33.+~5+10.4+6.7~
~~3.~~^^~~+55.4+^^+8.7+4.7~
3~3.~~^3~54.~4+^^+~+6.8+3.7~
^^~~3.5~+51.3~3+^^4+6.9+~.4~3^
3^~~3.4~++51.~~5^5+5.9+7~2^
4^~4.4~+25.5+7.9+6.~~^8+5.3+7^6~2^
5^~4.3~24.9+=5.10+4.,10+5.++9^6~1^
~5^~29.=++5^4+=3.13+..9+=5.++10^6~
3~3^~~,27.3+6^5+..7+3^5+,6+%%,5.%%11^5~
9~27.3+6^13+5^12+%,5.%%+9^6~
7~4.~~23.++8^7+,4+6^5+..4+%6.3%++7^6~
12.3~21.++11^4+..4+5^5+13.3%4+6^4~1.
13.,~~21.+11^4+3.4+5^4+14.3%5+5^+~2.
15.~~19.3%10^4+4.12+14.=3%6+4^+2.
17.,18.3%10^4+5.10+13.8%5+3^+2.
36.4%9^4+9.,.,,16.8%4+3^++1.
36.5%5^7+31.=6%4+3^+1.
37.5%4^7+33.6%3+3^+1.
26.=4%=6.5%^^%%6+35.5%++3^2+
+24.=+7%5.,8%5+5.9+22.4%++3^2+
3+22.=+8%7.,=%%,11.10+5.,17.%%3+^^2+
4+21.,+9%22.7+4~4.+18.=++^^3+
5+21.+%%=7%21.4+8~3.,20.++^^2+
5+21.+%=..,6%10.3,7.3+3~^^7~,20.++3^1+
^5+20.+%=4.%%=%%=6.7%+5.3+6^7~19.=3+3^
^5+21.=%8.=%6.8%+4.3+6^6~21.,3+2^
3+^3+12.=++=22.8%++4.++~6^6~23.3+
3+3^++11.5+%20.,%%++3%3+3.,+~6^6~24.,1+
4+3^++11.5+%%19.%%3+%%4+3.,~~5^6~25.1,
+4%+^^++14.+3%=17.%%9+=4.~~5^5~26.
5%5+14.,+4%16.=%10+5.~~3^6~26.
6%5+14.+5%16.9+,7.10~26.
7%4+13.,+6%16.7+10.,5~29.
8%+==14.+6%17.5+=45.
8%18.+6%17.4+46.
+7%=17.,6%18.=+47.
+8%18.,5%,66.
.+7%20.5%66.
..=3%..,,5.,+12.,4%66.
11.,3.3+12.4%,65.
+10.%7+12.3%,65.
++10.%6+14.,65.1+
++10.=6+77.3~1+
++11.%5+74.6~1+
++12.3+=76.3~3+
++92.6+
++93.5+
++94.4+
++96.,1+
++97.1+
100_
Globals 65 1000 1 0 0 0 0
Sides 2 4 0
Iranian
0  0 -100  34 1 10 1 1 1 17 1 1 1 1 1 2 1 1 1 1 1 1 1 1 1 1 1 46 4 
?100
?100
?100
?100
?100
?100
?100
?100
?100
?100
?100
?100
?100
?100
?100
?100
?100
?100
?100
?100
?46.3?51
?45.4?9.11?31
?44.5?4.3?1.12?31
?44.5?3.8b0.8?31
?44.5?2.2*0.14?32
?44.5?1.17?33
?44.14?42
.3?41.13?42.1
.3?41.13?41.2
.3?37.16?9.3?29.3
.3?36.16?9.4?2.8?19.2*0
.2?36.17?8@O.1b0.2?1.10?17.4
.1?37.17?8.16?4.5?7.5
?36.13*0.5?8.16?3.6?7.5
?35.17*0.2?8.16?2.4b0.2?7.5
?34.16*0.28?1.5*0.1?7.5?1
?34.38b0.25?2
?34.26*0.5b0.30?3
?34.18*0.5*0.2*0.34?4
.11?23.61?3.2
.11?23.22*0.43
.11?23.17*0.14*0.23*0.9
.10?24.19*0.3*0.14*0.12*0.6*0.7
.9?25.29*0.36
.8?26.10*0.12@0.15*0.1*0.24
.7?27.22*0.43
?34.63?3
?35.3b0.50*0.7?3
?34.60b0.2?3
?33.9?1.30*0.20*0.1?4
?32.9?2.29*0.22?5
?31.9?8.31?2.15?4
?30.9?8.18*0.12?3.15?4
?29.9?8.27?9.3?2.6b0.2?4
?28.9?8.21*0*0.5?14.8?5
?27.9?8.20*0.1*0.1*0.4?14.7?6
?26.9?9.22@0.6?14.5?8
?25.9?10.29?14.3?10
?24.8?24.17?27
?24.6?25.18?27
?24.5?25.5?1.13?27
?53.5?2.14?26
?52.5?3.14?12.3?11
?51.5?4.14?11.5?10
?50.5?5.15?9.6?10
?49.5?6.15?8.4*0.2?10
?48.5?7.15?7.8?10
?47.5?8.15?6.3b0.6?9
?46.5?9.15?6.2*0.7?9
?46.4?10.15?6.10?9
?46.3?11.15?5.4?1.6?9
?60.15?4.5?1.5?10
?60.7*0.7?3.3*0.7?11
?60.15?2.11?12
?61.14?1.11?13
?61.25?14
?61.24?15
?62.6*0.9?1.5?16
?62.15?3.3?17
?61.3*0.11?24
?59.16?25
?58.4@0.12?25
?57.2*0.15?25
?41.3?12.19?25
?34.11?10.20?25
?33.13?8.5?3.13?25
?32.15?6.5?4.13?25
?32.16?4.5?5.13?25
?32.24?6.13?25
?28.27?6.6W0.6?26
?27.22*0.4?7.12?27
?26.20*0.6?8.11?28
?26.26?9.10?29
?26.26?9.9?30
?45.7?9.8?31
?43.6*0.2?9.7?32
?42*O.8?49
?41.2b0.4*0.2?49
?41.9?50
?41.8?51
1 * :0.0 0 1570 0
0 33 0 0 0 0 0 0 0 0 0 0 0 0 
0 0 0 0 0 0 0 0 0 0 0 0 0 0 0 0 0 0 0 0 0 0 0 0 90 4 
0 0 0 0 0 0 0 0 0 0 0 0 0 0 0 0 0 0 0 0 0 0 0 0 58 2 
0 0 0 0 0 0 0 0 0 0 0 0 0 0 
0 0 0 0 0 0 0 0 0 0 0 0 0 0 0 0 0 0 0 0 0 0 0 0 0 0 
0 0 0 0 0 0 0 0 0 0 0 0 0 0 0 0 0 0 0 0 0 0 0 0 0 0 
0 9 0 0 0 0 0 0 0 0 0 0 0 0 
0 0 0 0 0 0 0 0 0 0 0 0 0 0 0 0 0 0 0 0 0 0 0 0 0 0 
0 0 0 0 0 0 0 0 0 0 0 0 0 0 0 0 0 0 0 0 0 0 0 0 0 0 
0 0 0 0 0 0 0 0 0 0 0 0 0 0 
0 0 0 0 0 0 0 0 0 0 0 0 0 0 0 0 0 0 0 0 0 0 0 0 0 0 
0 0 0 0 0 0 0 0 0 0 0 0 0 0 0 0 0 0 0 0 0 0 0 0 0 0 
0 0 0 0 0 0 0 0 0 0 0 0 0 0 
0 0 0 0 0 0 0 0 0 0 0 0 0 0 0 0 0 0 0 0 0 0 0 0 0 0 
0 0 0 0 0 0 0 0 0 0 0 0 0 0 0 0 0 0 0 0 0 0 0 0 0 0 
0 0 0 0 0 0 0 0 0 0 0 0 0 0 
0 0 0 0 0 0 0 0 0 0 0 0 0 0 0 0 0 0 0 0 0 0 0 0 0 0 
0 0 0 0 0 0 0 0 0 0 0 0 0 0 0 0 0 0 0 0 0 0 0 0 0 0 
0 16 0 0 0 0 0 0 0 0 0 0 0 0 
0 0 0 0 0 0 0 0 0 0 0 0 0 0 0 0 0 0 0 0 0 0 0 0 0 0 
0 0 0 0 0 0 0 0 0 0 0 0 0 0 0 0 0 0 0 0 0 0 0 0 0 0 
0 0 0 0 0 0 0 0 0 0 0 0 0 0 
0 0 0 0 0 0 0 0 0 0 0 0 0 0 0 0 0 0 0 0 0 0 0 0 0 0 
0 0 0 0 0 0 0 0 0 0 0 0 0 0 0 0 0 0 0 0 0 0 0 0 0 0 
0 0 0 0 0 0 0 0 0 0 0 0 0 0 
0 0 0 0 0 0 0 0 0 0 0 0 0 0 0 0 0 0 0 0 0 0 0 0 0 0 
0 0 0 0 0 0 0 0 0 0 0 0 0 0 0 0 0 0 0 0 0 0 0 0 0 0 
0 0 0 0 0 0 0 0 0 0 0 0 0 0 
0 0 0 0 0 0 0 0 0 0 0 0 0 0 0 0 0 0 0 0 0 0 0 0 0 0 
0 0 0 0 0 0 0 0 0 0 0 0 0 0 0 0 0 0 0 0 0 0 0 0 0 0 
0 0 0 0 0 0 0 0 0 0 0 0 0 0 
0 0 0 0 0 0 0 0 0 0 0 0 0 0 0 0 0 0 0 0 0 0 0 0 0 0 
0 0 0 0 0 0 0 0 0 0 0 0 0 0 0 0 0 0 0 0 0 0 0 0 0 0 
0 0 0 0 0 0 0 0 0 0 0 0 0 0 
0 0 0 0 0 0 0 0 0 0 0 0 0 0 0 0 0 0 0 0 0 0 0 0 0 0 
0 0 0 0 0 0 0 0 0 0 0 0 0 0 0 0 0 0 0 0 0 0 0 0 0 0 
0 1 0 0 0 0 0 0 0 0 0 0 0 0 
0 0 0 0 0 0 0 0 0 0 0 0 0 0 0 0 0 0 0 0 0 0 0 0 0 0 
0 0 0 0 0 0 0 0 0 0 0 0 0 0 0 0 0 0 0 0 0 0 0 0 0 0 
0 0 0 0 0 0 0 0 0 0 0 0 0 0 
0 0 0 0 0 0 0 0 0 0 0 0 0 0 0 0 0 0 0 0 0 0 0 0 0 0 
0 0 0 0 0 0 0 0 0 0 0 0 0 0 0 0 0 0 0 0 0 0 0 0 0 0 
0 0 0 0 0 0 0 0 0 0 0 0 0 0 
0 0 0 0 0 0 0 0 0 0 0 0 0 0 0 0 0 0 0 0 0 0 0 0 0 0 
0 0 0 0 0 0 0 0 0 0 0 0 0 0 0 0 0 0 0 0 0 0 0 0 0 0 
0 0 0 0 0 0 0 0 0 0 0 0 0 0 
0 0 0 0 0 0 0 0 0 0 0 0 0 0 0 0 0 0 0 0 0 0 0 0 0 0 
0 0 0 0 0 0 0 0 0 0 0 0 0 0 0 0 0 0 0 0 0 0 0 0 0 0 
0 0 0 0 0 0 0 0 0 0 0 0 0 0 
0 0 0 0 0 0 0 0 0 0 0 0 0 0 0 0 0 0 0 0 0 0 0 0 0 0 
0 0 0 0 0 0 0 0 0 0 0 0 0 0 0 0 0 0 0 0 0 0 0 0 0 0 
0 0 0 0 0 0 0 0 0 0 0 0 0 0 
0 0 0 0 0 0 0 0 0 0 0 0 0 0 0 0 0 0 0 0 0 0 0 0 0 0 
0 0 0 0 0 0 0 0 0 0 0 0 0 0 0 0 0 0 0 0 0 0 0 0 0 0 
0 0 0 0 0 0 0 0 0 0 0 0 0 0 
0 0 0 0 0 0 0 0 0 0 0 0 0 0 0 0 0 0 0 0 0 0 0 0 0 0 
0 0 0 0 0 0 0 0 0 0 0 0 0 0 0 0 0 0 0 0 0 0 0 0 0 0 
0 0 0 0 0 0 0 0 0 0 0 0 0 0 
0 0 0 0 0 0 0 0 0 0 0 0 0 0 0 0 0 0 0 0 0 0 0 0 0 0 
0 0 0 0 0 0 0 0 0 0 0 0 0 0 0 0 0 0 0 0 0 0 0 0 0 0 
0 0 0 0 0 0 0 0 0 0 0 0 0 0 
0 0 0 0 0 0 0 0 0 0 0 0 0 0 0 0 0 0 0 0 0 0 0 0 0 0 
0 0 0 0 0 0 0 0 0 0 0 0 0 0 0 0 0 0 0 0 0 0 0 0 0 0 
0 0 0 0 0 0 0 0 0 0 0 0 0 0 
0 0 0 0 0 0 0 0 0 0 0 0 0 0 0 0 0 0 0 0 0 0 0 0 0 0 
0 0 0 0 0 0 0 0 0 0 0 0 0 0 0 0 0 0 0 0 0 0 0 0 0 0 
0 0 0 0 0 0 0 0 0 0 0 0 0 0 
0 0 0 0 0 0 0 0 0 0 0 0 0 0 0 0 0 0 0 0 0 0 0 0 0 0 
0 0 0 0 0 0 0 0 0 0 0 0 0 0 0 0 0 0 0 0 0 0 0 0 0 0 
0 0 0 0 0 0 0 0 0 0 0 0 0 0 
0 0 0 0 0 0 0 0 0 0 0 0 0 0 0 0 0 0 0 0 0 0 0 0 0 0 
0 0 0 0 0 0 0 0 0 0 0 0 0 0 0 0 0 0 0 0 0 0 0 0 0 0 
0 0 45 0 0 0 0 0 0 0 0 0 0 0 
0 0 0 0 0 0 0 0 0 0 0 0 0 0 0 0 0 0 0 0 0 0 0 0 0 0 
0 0 0 0 0 0 0 0 0 0 0 0 0 0 0 0 0 0 0 0 0 0 0 0 0 0 
1 0 2 0 0 0 0 0 0 0 0 0 0 0 
0 0 0 0 0 0 0 0 0 0 0 0 0 0 0 0 0 0 0 0 0 0 0 0 0 0 
0 0 0 0 0 0 0 0 0 0 0 0 0 0 0 0 0 0 0 0 0 0 0 0 0 0 
Burmese
0  -100 0  4 1 2 4 5 4 3 2 1 3 1 1 1 1 2 3 1 1 1 1 1 1 1 14 7 2 
?100
?100
?21.3?76
?13.11?76
?12.13?75
?10.15?75
?9.5*1/1@1.8?75
?8.5/1/1*1/1.8?75
?8.3d1.1*1/1/1.1/1/1.6?75
?8.4/1.1*1.1*1.8?75
?8.5T1.1/1*1/1/1.2h1f1.2?75
?7.9/1.1f1.6?75
?7.11b1.2t1.3?75
?8.4t1.11?76
?8.15?77
?9.6f1.5?79
?8.13?79
?7.14?79
?7@O.12?80
?7.12?81
?10.6?84
?12.3?85
?100
?100
?100
?100
?100
?100
?100
?100
?100
?100
?100
?100
?100
?100
?100
?100
?100
?100
?100
?100
?100
?100
?100
?100
?100
?100
?100
?100
?100
?100
?100
?100
?100
?100
?100
?100
?100
?100
?100
?100
?100
?100
?100
?100
?100
?100
?100
?100
?100
?100
?100
?100
?100
?100
?100
?100
?100
?100
?100
?100
?100
?100
?100
?100
?100
?100
?100
?100
?100
?100
?100
?100
?100
?100
?100
?100
?100
?100
0 * * 0 7 0
0 3 0 0 0 0 0 0 0 0 0 0 0 0 
0 0 0 0 0 0 0 0 0 0 0 0 0 0 0 0 0 0 0 0 0 0 0 0 12 0 
0 0 0 0 0 0 0 0 0 0 0 0 0 0 0 0 0 0 0 0 0 0 0 0 7 0 
0 0 0 0 0 0 0 0 0 0 0 0 0 0 
0 0 0 0 0 0 0 0 0 0 0 0 0 0 0 0 0 0 0 0 0 0 0 0 0 0 
0 0 0 0 0 0 0 0 0 0 0 0 0 0 0 0 0 0 0 0 0 0 0 0 0 0 
0 1 0 0 0 0 0 0 0 0 0 0 0 0 
0 0 0 0 0 0 0 0 0 0 0 0 0 0 0 0 0 0 0 0 0 0 0 0 0 0 
0 0 0 0 0 0 0 0 0 0 0 0 0 0 0 0 0 0 0 0 0 0 0 0 0 0 
0 3 0 0 0 0 0 0 0 0 0 0 0 0 
0 0 0 0 0 0 0 0 0 0 0 0 0 0 0 0 0 0 0 0 0 0 0 0 0 0 
0 0 0 0 0 0 0 0 0 0 0 0 0 0 0 0 0 0 0 0 0 0 0 0 0 0 
0 4 0 0 0 0 0 0 0 0 0 0 0 0 
0 0 0 0 0 0 0 0 0 0 0 0 0 0 0 0 0 0 0 0 0 0 0 0 6 0 
0 0 0 0 0 0 0 0 0 0 0 0 0 0 0 0 0 0 0 0 0 0 0 0 5 0 
0 3 0 0 0 0 0 0 0 0 0 0 0 0 
0 0 0 0 0 0 0 0 0 0 0 0 0 0 0 0 0 0 0 0 0 0 0 0 0 0 
0 0 0 0 0 0 0 0 0 0 0 0 0 0 0 0 0 0 0 0 0 0 0 0 0 0 
0 2 0 0 0 0 0 0 0 0 0 0 0 0 
0 0 0 0 0 0 0 0 0 0 0 0 0 0 0 0 0 0 0 0 0 0 0 0 0 0 
0 0 0 0 0 0 0 0 0 0 0 0 0 0 0 0 0 0 0 0 0 0 0 0 0 0 
0 1 0 0 0 0 0 0 0 0 0 0 0 0 
0 0 0 0 0 0 0 0 0 0 0 0 0 0 0 0 0 0 0 0 0 0 0 0 0 0 
0 0 0 0 0 0 0 0 0 0 0 0 0 0 0 0 0 0 0 0 0 0 0 0 0 0 
0 0 0 0 0 0 0 0 0 0 0 0 0 0 
0 0 0 0 0 0 0 0 0 0 0 0 0 0 0 0 0 0 0 0 0 0 0 0 0 0 
0 0 0 0 0 0 0 0 0 0 0 0 0 0 0 0 0 0 0 0 0 0 0 0 0 0 
0 2 0 0 0 0 0 0 0 0 0 0 0 0 
0 0 0 0 0 0 0 0 0 0 0 0 0 0 0 0 0 0 0 0 0 0 0 0 0 0 
0 0 0 0 0 0 0 0 0 0 0 0 0 0 0 0 0 0 0 0 0 0 0 0 0 0 
0 0 0 0 0 0 0 0 0 0 0 0 0 0 
0 0 0 0 0 0 0 0 0 0 0 0 0 0 0 0 0 0 0 0 0 0 0 0 0 0 
0 0 0 0 0 0 0 0 0 0 0 0 0 0 0 0 0 0 0 0 0 0 0 0 0 0 
0 0 0 0 0 0 0 0 0 0 0 0 0 0 
0 0 0 0 0 0 0 0 0 0 0 0 0 0 0 0 0 0 0 0 0 0 0 0 0 0 
0 0 0 0 0 0 0 0 0 0 0 0 0 0 0 0 0 0 0 0 0 0 0 0 0 0 
0 0 0 0 0 0 0 0 0 0 0 0 0 0 
0 0 0 0 0 0 0 0 0 0 0 0 0 0 0 0 0 0 0 0 0 0 0 0 0 0 
0 0 0 0 0 0 0 0 0 0 0 0 0 0 0 0 0 0 0 0 0 0 0 0 0 0 
0 0 0 0 0 0 0 0 0 0 0 0 0 0 
0 0 0 0 0 0 0 0 0 0 0 0 0 0 0 0 0 0 0 0 0 0 0 0 0 0 
0 0 0 0 0 0 0 0 0 0 0 0 0 0 0 0 0 0 0 0 0 0 0 0 0 0 
0 1 0 0 0 0 0 0 0 0 0 0 0 0 
0 0 0 0 0 0 0 0 0 0 0 0 0 0 0 0 0 0 0 0 0 0 0 0 0 0 
0 0 0 0 0 0 0 0 0 0 0 0 0 0 0 0 0 0 0 0 0 0 0 0 0 0 
0 2 0 0 0 0 0 0 0 0 0 0 0 0 
0 0 0 0 0 0 0 0 0 0 0 0 0 0 0 0 0 0 0 0 0 0 0 0 0 0 
0 0 0 0 0 0 0 0 0 0 0 0 0 0 0 0 0 0 0 0 0 0 0 0 0 0 
0 0 0 0 0 0 0 0 0 0 0 0 0 0 
0 0 0 0 0 0 0 0 0 0 0 0 0 0 0 0 0 0 0 0 0 0 0 0 0 0 
0 0 0 0 0 0 0 0 0 0 0 0 0 0 0 0 0 0 0 0 0 0 0 0 0 0 
0 0 0 0 0 0 0 0 0 0 0 0 0 0 
0 0 0 0 0 0 0 0 0 0 0 0 0 0 0 0 0 0 0 0 0 0 0 0 0 0 
0 0 0 0 0 0 0 0 0 0 0 0 0 0 0 0 0 0 0 0 0 0 0 0 0 0 
0 0 0 0 0 0 0 0 0 0 0 0 0 0 
0 0 0 0 0 0 0 0 0 0 0 0 0 0 0 0 0 0 0 0 0 0 0 0 0 0 
0 0 0 0 0 0 0 0 0 0 0 0 0 0 0 0 0 0 0 0 0 0 0 0 0 0 
0 0 0 0 0 0 0 0 0 0 0 0 0 0 
0 0 0 0 0 0 0 0 0 0 0 0 0 0 0 0 0 0 0 0 0 0 0 0 0 0 
0 0 0 0 0 0 0 0 0 0 0 0 0 0 0 0 0 0 0 0 0 0 0 0 0 0 
0 0 0 0 0 0 0 0 0 0 0 0 0 0 
0 0 0 0 0 0 0 0 0 0 0 0 0 0 0 0 0 0 0 0 0 0 0 0 0 0 
0 0 0 0 0 0 0 0 0 0 0 0 0 0 0 0 0 0 0 0 0 0 0 0 0 0 
0 0 0 0 0 0 0 0 0 0 0 0 0 0 
0 0 0 0 0 0 0 0 0 0 0 0 0 0 0 0 0 0 0 0 0 0 0 0 0 0 
0 0 0 0 0 0 0 0 0 0 0 0 0 0 0 0 0 0 0 0 0 0 0 0 0 0 
0 0 0 0 0 0 0 0 0 0 0 0 0 0 
0 0 0 0 0 0 0 0 0 0 0 0 0 0 0 0 0 0 0 0 0 0 0 0 0 0 
0 0 0 0 0 0 0 0 0 0 0 0 0 0 0 0 0 0 0 0 0 0 0 0 0 0 
0 13 0 0 0 0 0 0 0 0 0 0 0 0 
0 0 0 0 0 0 0 0 0 0 0 0 0 0 0 0 0 0 0 0 0 0 0 0 0 0 
0 0 0 0 0 0 0 0 0 0 0 0 0 0 0 0 0 0 0 0 0 0 0 0 0 0 
0 0 6 0 0 0 0 0 0 0 0 0 0 0 
0 0 0 0 0 0 0 0 0 0 0 0 0 0 0 0 0 0 0 0 0 0 0 0 0 0 
0 0 0 0 0 0 0 0 0 0 0 0 0 0 0 0 0 0 0 0 0 0 0 0 0 0 
1 0 0 0 0 0 0 0 0 0 0 0 0 0 
0 0 0 0 0 0 0 0 0 0 0 0 0 0 0 0 0 0 0 0 0 0 0 0 0 0 
0 0 0 0 0 0 0 0 0 0 0 0 0 0 0 0 0 0 0 0 0 0 0 0 0 0 
Units 208 4 0
* Greeley * 11,96 31
15 0 31  20  0 0 0  18247 0 0  -1  500 200 
0  0  1 0 31  0
0 0 
 * Tokma * 11,86 31
18 0 31  20  0 0 0  18247 0 0  -1  500 200 
0  0  1 0 31  0
0 0 
 * Stuarts*Draft * 27,28 31
22 0 31  20  0 0 0  18247 0 0  -1  500 200 
0  0  1 0 31  0
0 0 
 * Podunk * 90,31 31
25 0 31  20  0 0 0  18247 0 0  -1  500 200 
0  0  1 0 31  0
0 0 
 * Slavonice * 17,94 31
27 0 31  20  0 0 0  18247 0 0  -1  500 200 
0  0  1 0 31  0
0 0 
 * North*Horr * 38,79 31
31 0 31  20  0 0 0  18247 0 0  -1  500 200 
0  0  1 0 31  0
0 0 
 * Dresden * 12,47 31
33 0 31  20  0 0 0  18247 0 0  -1  500 200 
0  0  1 0 31  0
0 0 
 * Kaktovik * 22,87 31
35 0 31  20  0 0 0  18247 0 0  -1  500 200 
0  0  1 0 31  0
0 0 
 * Vikna * 42,96 31
36 0 31  20  0 0 0  18247 0 0  -1  500 200 
0  0  1 0 31  0
0 0 
 * Pforzheim * 5,26 31
38 0 31  20  0 0 0  18247 0 0  -1  500 200 
0  0  1 0 31  0
0 0 
 * Dzaamar * 99,1 31
39 0 31  20  0 0 0  18247 0 0  -1  500 200 
0  0  1 0 31  0
0 0 
 * Woonsocket * 92,88 31
40 0 31  20  0 0 0  18247 0 0  -1  500 200 
0  0  1 0 31  0
0 0 
 * Halle * 5,95 31
42 0 31  20  0 0 0  18247 0 0  -1  500 200 
0  0  1 0 31  0
0 0 
 * Whiskey*Bottom * 6,96 31
43 0 31  20  0 0 0  18247 0 0  -1  500 200 
0  0  1 0 31  0
0 0 
 * Bobbio * 97,70 31
44 0 31  20  0 0 0  18247 0 0  -1  500 200 
0  0  1 0 31  0
0 0 
 * Whitby * 94,68 31
45 0 31  20  0 0 0  18247 0 0  -1  500 200 
0  0  1 0 31  0
0 0 
 * Fowlstown * 4,97 31
47 0 31  20  0 0 0  18247 0 0  -1  500 200 
0  0  1 0 31  0
0 0 
 * Alice*Springs * 95,28 31
49 0 31  20  0 0 0  18247 0 0  -1  500 200 
0  0  1 0 31  0
0 0 
 * Great*Village * 26,28 31
50 0 31  20  0 0 0  18247 0 0  -1  500 200 
0  0  1 0 31  0
0 0 
 * Kashgar * 46,78 31
52 0 31  20  0 0 0  18247 0 0  -1  500 200 
0  0  1 0 31  0
0 0 
 * Ulm * 93,80 31
53 0 31  20  0 0 0  18247 0 0  -1  500 200 
0  0  1 0 31  0
0 0 
 * Grindsted * 7,13 31
54 0 31  20  0 0 0  18247 0 0  -1  500 200 
0  0  1 0 31  0
0 0 
 * Morafenobe * 38,97 31
55 0 31  20  0 0 0  18247 0 0  -1  500 200 
0  0  1 0 31  0
0 0 
 * Forks * 5,20 31
56 0 31  20  0 0 0  18247 0 0  -1  500 200 
0  0  1 0 31  0
0 0 
 * Sheboygan * 96,73 31
57 0 31  20  0 0 0  18247 0 0  -1  500 200 
0  0  1 0 31  0
0 0 
 * North*Zulch * 30,18 31
59 0 31  20  0 0 0  18247 0 0  -1  500 200 
0  0  1 0 31  0
0 0 
 * Guderup * 59,77 31
60 0 31  20  0 0 0  18247 0 0  -1  500 200 
0  0  1 0 31  0
0 0 
 * Fairless*Hills * 2,68 31
61 0 31  20  0 0 0  18247 0 0  -1  500 200 
0  0  1 0 31  0
0 0 
 * Chundzha * 95,30 31
71 0 31  20  0 0 0  18247 0 0  -1  500 200 
0  0  1 0 31  0
0 0 
 * Mankato * 24,62 31
73 0 31  20  0 0 0  18247 0 0  -1  500 200 
0  0  1 0 31  0
0 0 
 * Gummi * 26,31 31
74 0 31  20  0 0 0  18247 0 0  -1  500 200 
0  0  1 0 31  0
0 0 
 * French*Lick * 81,93 31
79 0 31  20  0 0 0  18247 0 0  -1  500 200 
0  0  1 0 31  0
0 0 
 * Naxos * 14,70 31
81 0 31  20  0 0 0  18247 0 0  -1  500 200 
0  0  1 0 31  0
0 0 
 * New*Braunfels * 20,71 31
82 0 31  20  0 0 0  18247 0 0  -1  500 200 
0  0  1 0 31  0
0 0 
 * Ferry*Farms * 67,20 31
83 0 31  20  0 0 0  18247 0 0  -1  500 200 
0  0  1 0 31  0
0 0 
 * Freewood*Acres * 25,93 31
84 0 31  20  0 0 0  18247 0 0  -1  500 200 
0  0  1 0 31  0
0 0 
 * Bunianga * 3,51 31
85 0 31  20  0 0 0  18247 0 0  -1  500 200 
0  0  1 0 31  0
0 0 
 * Joshua*Tree * 92,86 31
86 0 31  20  0 0 0  18247 0 0  -1  500 200 
0  0  1 0 31  0
0 0 
 * Grokgak * 98,24 31
87 0 31  20  0 0 0  18247 0 0  -1  500 200 
0  0  1 0 31  0
0 0 
 * Llantwit*Major * 93,70 31
90 0 31  20  0 0 0  18247 0 0  -1  500 200 
0  0  1 0 31  0
0 0 
 * Farafangana * 22,66 31
91 0 31  20  0 0 0  18247 0 0  -1  500 200 
0  0  1 0 31  0
0 0 
 * Dooms * 0,63 31
92 0 31  20  0 0 0  18247 0 0  -1  500 200 
0  0  1 0 31  0
0 0 
 * Plankinton * 51,16 31
93 0 31  20  0 0 0  18247 0 0  -1  500 200 
0  0  1 0 31  0
0 0 
 * North*Tolsta * 48,75 31
94 0 31  20  0 0 0  18247 0 0  -1  500 200 
0  0  1 0 31  0
0 0 
 * Black*Earth * 68,96 31
96 0 31  20  0 0 0  18247 0 0  -1  500 200 
0  0  1 0 31  0
0 0 
 * Bialy * 37,80 31
97 0 31  20  0 0 0  18247 0 0  -1  500 200 
0  0  1 0 31  0
0 0 
 * Tillamook * 0,19 31
99 0 31  20  0 0 0  18247 0 0  -1  500 200 
0  0  1 0 31  0
0 0 
 * Erdenheim * 2,23 31
100 0 31  20  0 0 0  18247 0 0  -1  500 200 
0  0  1 0 31  0
0 0 
 * Muttontown * 96,26 31
102 0 31  20  0 0 0  18247 0 0  -1  500 200 
0  0  1 0 31  0
0 0 
 @ Wye * 72,97 31
104 0 31  40  0 0 0  18247 0 0  -1  900 400 
0  0  1 0 31  0
0 0 
 @ Tongobory * 38,83 31
107 0 31  40  0 0 0  18247 0 0  -1  900 400 
0  0  1 0 31  0
0 0 
 @ Buzzards*Bay * 37,96 31
108 0 31  40  0 0 0  18247 0 0  -1  900 400 
0  0  1 0 31  0
0 0 
 @ Ronkonkoma * 4,25 31
109 0 31  40  0 0 0  18247 0 0  -1  900 400 
0  0  1 0 31  0
0 0 
 @ Sappington * 7,18 31
110 0 31  40  0 0 0  18247 0 0  -1  900 400 
0  0  1 0 31  0
0 0 
 @ Mungaoli * 98,5 31
111 0 31  40  0 0 0  18247 0 0  -1  900 400 
0  0  1 0 31  0
0 0 
 @ Samarkand * 93,32 31
112 0 31  40  0 0 0  18247 0 0  -1  900 400 
0  0  1 0 31  0
0 0 
 @ Fawkham*Green * 94,27 31
113 0 31  40  0 0 0  18247 0 0  -1  900 400 
0  0  1 0 31  0
0 0 
 @ Estiffanulga * 99,73 31
114 0 31  40  0 0 0  18247 0 0  -1  900 400 
0  0  1 0 31  0
0 0 
 @ Hyannis*Port * 63,31 31
115 0 31  40  0 0 0  18247 0 0  -1  900 400 
0  0  1 0 31  0
0 0 
 @ Maheshwar * 66,56 0
2 1 0  40  0 0 0  3084 3 1  -1  900 400 
0  0  1 0 31  0
0 0 
 * Port*Deposit * 66,55 0
3 1 31  20  0 0 0  1542 15 3  -1  500 200 
0  0  1 0 31  1
0 0 0 0 0 0 1 0 0 0 0 0 0 0 0 0 0 0 0 0 0 0 0 0 0 0 
  * 1 0
  0 0    4 1 31 65,52
0 0 
 * Pumphrey * 68,55 0
4 4 31  20  0 0 0  2827 1 0  -1  500 200 
0  0  1 0 31  0
0 0 
 * Goose*Prairie * 66,54 0
5 2 31  20  0 0 0  1542 16 3  -1  484 200 
0  0  1 0 31  1
0 0 0 0 0 0 1 0 0 0 0 0 0 0 0 0 0 0 0 0 0 0 0 0 0 0 
  * 1 0
  0 0    4 1 31 65,52
0 0 
 b * * 66,54 0
316 15 31  2  0 0 0  18247 0 0  5  36 3 
0  0  4 1 31 65,52 0
0 0 
 * Broken*Arrow * 67,54 0
6 3 31  20  0 0 0  1542 1 2  -1  500 200 
0  0  1 0 31  1
0 0 0 0 0 0 1 0 0 0 0 0 0 0 0 0 0 0 0 0 0 0 0 0 0 0 
  * 1 0
  0 0    4 1 31 65,52
0 0 
 * Bushy*Park * 64,55 0
7 6 31  20  0 0 0  1542 2 1  -1  500 200 
0  0  1 0 31  1
0 0 0 0 0 0 1 0 0 0 0 0 0 0 0 0 0 0 0 0 0 0 0 0 0 0 
  * 1 0
  0 0    4 1 31 65,52
0 0 
 * Fort*Qu'Appelle * 65,52 0
62 5 31  20  0 0 0  0 2 11  -1  500 200 
0  0  1 0 31  1
1 0 0 0 0 0 2 0 0 0 0 0 0 0 0 0 0 0 0 0 0 0 0 0 0 0 
  * 1 0
  0 0    2 100 31 
  * 1 0
  0 0    15 1 31 
0 0 
 i * * 65,52 0
129 3 31  1  0 0 0  18247 0 0  62  6 6 
0  0  2 62 31  0
0 0 
 i * * 65,52 0
171 17 31  1  0 0 0  18247 0 0  62  6 6 
0  0  2 90 31  0
0 0 
 i * * 65,52 0
179 22 31  1  0 0 0  18247 0 0  62  6 6 
0  0  2 94 31  0
0 0 
 i * * 65,52 0
307 28 31  1  0 0 0  18247 0 0  62  6 6 
0  0  2 98 31  0
0 0 
 b * * 65,52 0
314 13 31  2  0 0 0  18247 0 0  62  36 3 
3  0  15 1 31  0
0 4 
 * Bulls*Gap * 72,50 0
24 7 31  20  0 0 0  2570 11 0  -1  500 200 
0  0  1 0 31  0
0 0 
 * Hayti * 73,49 0
65 8 31  20  0 0 0  1542 4 1  -1  500 200 
0  0  1 0 31  1
0 0 0 0 0 0 1 0 0 0 0 0 0 0 0 0 0 0 0 0 0 0 0 0 0 0 
  * 1 0
  0 0    4 1 31 73,44
0 0 
 * Tapiola * 73,44 0
95 28 31  20  0 0 0  0 2 3  -1  500 200 
0  0  1 0 31  1
1 0 0 0 0 0 2 0 0 0 0 0 0 0 0 0 0 0 0 0 0 0 0 0 0 0 
  * 1 0
  0 0    2 100 31 
  * 1 0
  0 0    15 1 31 
0 0 
 i * * 73,44 0
308 29 31  1  0 0 0  18247 0 0  95  6 6 
0  0  2 98 31  0
0 0 
 * Stupino * 75,44 0
51 14 31  20  0 0 0  1542 11 1  -1  500 200 
0  0  1 0 31  1
0 0 0 0 0 0 1 0 0 0 0 0 0 0 0 0 0 0 0 0 0 0 0 0 0 0 
  * 1 0
  0 0    4 1 31 73,44
0 0 
 * Enumclaw * 72,42 0
66 27 31  20  0 0 0  1542 4 0  -1  500 200 
0  0  1 0 31  1
0 0 0 0 0 0 1 0 0 0 0 0 0 0 0 0 0 0 0 0 0 0 0 0 0 0 
  * 1 0
  0 0    4 1 31 73,44
0 0 
 * Wutangjie * 66,41 0
21 9 31  20  0 0 0  1542 6 1  -1  500 200 
0  0  1 0 31  1
0 0 0 0 0 0 1 0 0 0 0 0 0 0 0 0 0 0 0 0 0 0 0 0 0 0 
  * 1 0
  0 0    4 1 31 73,44
0 0 
 * Saint-Witz * 63,43 0
75 10 31  20  0 0 0  0 4 7  -1  500 200 
0  0  1 0 31  1
1 0 0 0 0 0 2 0 0 0 0 0 0 0 0 0 0 0 0 0 0 0 0 0 0 0 
  * 1 0
  0 0    2 100 31 
  * 1 0
  0 0    15 1 31 
0 0 
 i * * 63,43 0
147 9 31  1  0 0 0  18247 0 0  75  6 6 
0  0  2 80 31  0
0 0 
 i * * 63,43 0
156 12 31  1  0 0 0  18247 0 0  75  6 6 
0  0  2 84 31  0
0 0 
 i * * 63,43 0
166 15 31  1  0 0 0  18247 0 0  75  6 6 
0  0  2 88 31  0
0 0 
 i * * 63,43 0
176 20 31  1  0 0 0  18247 0 0  75  6 6 
0  0  2 92 31  0
0 0 
 i * * 63,43 0
317 32 31  1  0 0 0  18247 0 0  75  6 6 
0  0  2 100 31  0
0 0 
 * Cut*and*Shoot * 67,72 0
30 11 31  20  0 0 0  3855 2 0  -1  500 200 
0  0  1 0 31  0
0 0 
 * Scalp*Level * 85,42 0
28 32 31  20  0 0 0  1542 8 0  -1  500 200 
0  0  1 0 31  1
0 0 0 0 0 0 1 0 0 0 0 0 0 0 0 0 0 0 0 0 0 0 0 0 0 0 
  * 1 0
  0 0    4 1 31 90,41
0 0 
 b * * 66,37 0
187 12 31  2  0 0 0  18247 0 0  -1  30 3 
2  0  4 1 15 70,29 0
0 6 
 i * * 66,37 0
141 7 31  1  0 0 0  18247 0 0  187  6 6 
0  0  2 98 31  0
0 0 
 b * * 72,36 0
173 9 31  2  0 0 0  18247 0 0  -1  30 3 
1  0  1 1 15  0
0 6 
 i * * 72,36 0
116 1 31  1  0 0 0  18247 0 0  173  5 6 
0  0  2 92 31  0
0 0 
 * Al-'Awsajiyah * 56,45 0
19 12 31  20  0 0 0  1542 10 1  -1  500 200 
0  0  1 0 31  1
0 0 0 0 0 0 1 0 0 0 0 0 0 0 0 0 0 0 0 0 0 0 0 0 0 0 
  * 1 0
  0 0    4 1 31 63,43
0 0 
 @ Picayune * 57,44 0
106 2 31  40  0 0 0  257 4 0  -1  900 400 
0  0  1 0 31  0
0 0 
 * Ware*Shoals * 85,35 0
48 45 31  20  0 0 0  1542 18 0  -1  500 200 
0  0  1 0 31  0
0 0 
 i * * 85,35 0
180 23 31  1  0 0 0  18247 0 0  48  6 6 
0  0  1 0 31  0
0 0 
 b * * 85,34 0
185 11 31  2  0 0 0  18247 0 0  -1  24 3 
1  0  1 0 31  0
0 6 
 * Koblenz * 64,79 0
76 16 31  20  0 0 0  514 3 2  -1  500 200 
0  0  1 0 31  0
0 0 
 a * * 64,79 0
169 2 31  1  0 0 0  18247 0 0  76  10 4 
0  0  2 89 31  0
0 0 
 a * * 64,79 0
303 7 31  1  0 0 0  18247 0 0  76  10 4 
0  0  2 96 31  0
0 0 
 * Coon*Rapids * 68,77 0
34 15 31  20  0 0 0  514 2 2  -1  500 200 
0  0  1 0 31  0
0 0 
 a * * 68,77 0
186 6 31  1  0 0 0  18247 0 0  34  10 4 
0  0  2 96 31  0
0 0 
 a * * 68,77 0
167 1 31  1  0 0 0  18247 0 0  34  10 4 
0  0  2 88 31  0
0 0 
 * Gilroy * 89,47 0
80 37 31  20  0 0 0  1542 16 0  -1  499 200 
0  0  1 0 31  1
0 0 0 0 0 0 1 0 0 0 0 0 0 0 0 0 0 0 0 0 0 0 0 0 0 0 
  * 1 0
  0 0    4 1 31 90,41
0 0 
 * Delta * 57,42 0
41 13 31  20  0 0 0  1542 11 1  -1  500 200 
0  0  1 0 31  1
0 0 0 0 0 0 1 0 0 0 0 0 0 0 0 0 0 0 0 0 0 0 0 0 0 0 
  * 1 0
  0 0    4 1 31 63,43
0 0 
 * Hoosick*Falls * 61,38 0
89 20 31  20  0 0 0  1542 16 1  -1  468 199 
0  0  1 0 31  1
0 0 0 0 0 0 1 0 0 0 0 0 0 0 0 0 0 0 0 0 0 0 0 0 0 0 
  * 1 0
  0 0    4 1 31 63,43
0 0 
 b * * 61,38 0
318 16 31  2  0 0 0  18247 0 0  89  36 3 
0  0  4 1 31 63,43 0
0 0 
 * Drohiczyn * 90,41 0
37 33 31  20  0 0 0  0 2 2  -1  483 200 
0  0  1 0 31  1
1 0 0 0 0 0 2 0 0 0 0 0 0 0 0 0 0 0 0 0 0 0 0 0 0 0 
  * 1 0
  0 0    2 100 31 
  * 1 0
  0 0    15 1 31 
0 0 
 i * * 90,41 0
182 24 31  1  0 0 0  18247 0 0  37  6 6 
0  0  2 94 31  0
0 0 
 i * * 90,41 0
309 30 31  1  0 0 0  18247 0 0  37  6 6 
0  0  2 98 31  0
0 0 
 @ Herbertabad * 62,81 0
105 3 31  40  0 0 0  257 8 0  -1  900 400 
0  0  1 0 31  0
0 0 
 * Nephi * 60,37 0
46 24 31  20  0 0 0  1542 2 0  -1  500 200 
0  0  1 0 31  1
0 0 0 0 0 0 1 0 0 0 0 0 0 0 0 0 0 0 0 0 0 0 0 0 0 0 
  * 1 0
  0 0    4 1 31 63,43
0 0 
 * Hack*Point * 59,82 0
78 18 31  20  0 0 0  514 5 2  -1  500 200 
0  0  1 0 31  0
0 0 
 a * * 59,82 0
175 3 31  1  0 0 0  18247 0 0  78  10 4 
0  0  2 91 31  0
0 0 
 a * * 59,82 0
310 8 31  1  0 0 0  18247 0 0  78  10 4 
0  0  2 98 31  0
0 0 
 * Hamtramck * 92,42 0
67 35 31  20  0 0 0  1542 10 0  -1  494 200 
0  0  1 0 31  1
0 0 0 0 0 0 1 0 0 0 0 0 0 0 0 0 0 0 0 0 0 0 0 0 0 0 
  * 1 0
  0 0    4 1 31 90,41
0 0 
 * Iraan * 56,40 0
77 26 31  20  0 0 0  1542 4 0  -1  500 200 
0  0  1 0 31  1
0 0 0 0 0 0 1 0 0 0 0 0 0 0 0 0 0 0 0 0 0 0 0 0 0 0 
  * 1 0
  0 0    4 1 31 58,38
0 0 
 * Thot-not * 58,38 0
101 25 31  20  0 0 0  0 4 4  -1  500 200 
0  0  1 0 31  1
1 0 0 0 0 0 0 0 0 0 0 2 0 0 0 0 0 0 0 0 0 0 0 0 0 0 
  * 1 0
  0 0    2 100 31 
  * 1 0
  0 0    15 1 31 
0 0 
 b * * 58,38 0
315 14 31  2  0 0 0  18247 0 0  101  36 3 
1  0  1 1 31  0
0 5 
 i * * 58,38 0
168 16 31  1  0 0 0  18247 0 0  101  6 6 
0  0  2 88 31  0
0 0 
 i * * 58,38 0
177 21 31  1  0 0 0  18247 0 0  101  6 6 
0  0  2 92 31  0
0 0 
 i * * 58,38 0
304 27 31  1  0 0 0  18247 0 0  101  6 6 
0  0  2 96 31  0
0 0 
 i * * 58,38 0
319 33 31  1  0 0 0  18247 0 0  101  6 6 
0  0  2 100 31  0
0 0 
 b * * 65,31 0
181 10 31  2  0 0 0  18247 0 0  -1  24 3 
3  0  1 0 31  0
0 6 
 i * * 65,31 0
302 26 31  1  0 0 0  18247 0 0  181  6 6 
0  0  2 99 31  0
0 0 
 b * * 93,53 0
159 7 31  2  0 0 0  18247 0 0  -1  24 3 
1  0  1 1 15  0
0 6 
 i * * 93,53 0
140 6 31  1  0 0 0  18247 0 0  159  4 6 
0  0  2 98 31  0
0 0 
 * Drumright * 53,42 0
32 19 31  20  0 0 0  1542 15 1  -1  500 200 
0  0  1 0 31  1
0 0 0 0 0 0 1 0 0 0 0 0 0 0 0 0 0 0 0 0 0 0 0 0 0 0 
  * 1 0
  0 0    4 1 31 58,38
0 0 
 * Uusikaupunki * 94,49 0
26 43 31  20  0 0 0  1542 18 0  -1  500 200 
0  0  1 0 31  0
0 0 
 i * * 94,49 0
151 10 31  1  0 0 0  18247 0 0  26  6 6 
1  0  1 0 31  0
0 0 
 b * * 94,48 0
153 4 31  2  0 0 0  18247 0 0  -1  30 3 
0  0  1 0 31  0
0 6 
 * Fort*Washakie * 83,68 0
58 44 31  20  0 0 0  0 3 0  -1  500 200 
0  0  1 0 31  0
0 0 
 i * * 83,68 0
160 13 31  1  0 0 0  18247 0 0  58  6 6 
0  0  1 0 31  0
0 0 
 b * * 84,67 0
158 6 31  2  0 0 0  18247 0 0  -1  30 3 
1  0  4 1 15 84,68 0
0 6 
 * Grimsley * 87,65 0
72 41 31  20  0 0 0  1542 17 0  -1  500 200 
0  0  1 0 31  0
0 0 
 * Rural*Hall * 51,41 0
69 17 31  20  0 0 0  0 2 5  -1  500 200 
0  0  1 0 31  1
1 0 0 0 0 0 2 0 0 0 0 0 0 0 0 0 0 0 0 0 0 0 0 0 0 0 
  * 1 0
  0 0    2 100 31 
  * 1 0
  0 0    15 1 31 
0 0 
 i * * 51,41 0
152 11 31  1  0 0 0  18247 0 0  69  6 6 
0  0  2 82 31  0
0 0 
 i * * 51,41 0
161 14 31  1  0 0 0  18247 0 0  69  6 6 
0  0  2 86 31  0
0 0 
 i * * 51,41 0
174 19 31  1  0 0 0  18247 0 0  69  6 6 
0  0  2 90 31  0
0 0 
 i * * 51,41 0
183 25 31  1  0 0 0  18247 0 0  69  6 6 
0  0  2 94 31  0
0 0 
 i * * 51,41 0
311 31 31  1  0 0 0  18247 0 0  69  6 6 
0  0  2 98 31  0
0 0 
 * Bor * 81,72 0
17 36 31  20  0 0 0  1542 12 0  -1  500 200 
0  0  1 0 31  0
0 0 
 * Fort*Recovery * 52,38 0
88 29 31  20  0 0 0  1542 5 0  -1  500 200 
0  0  1 0 31  1
0 0 0 0 0 0 1 0 0 0 0 0 0 0 0 0 0 0 0 0 0 0 0 0 0 0 
  * 1 0
  0 0    4 1 31 58,38
0 0 
 * Metalton * 99,30 0
98 38 31  20  0 0 0  1542 16 0  -1  500 200 
0  0  1 0 31  1
0 0 0 0 0 0 1 0 0 0 0 0 0 0 0 0 0 0 0 0 0 0 0 0 0 0 
  * 1 0
  0 0    4 1 31 90,41
0 0 
 b * * 99,30 0
165 8 31  2  0 0 0  18247 0 0  98  36 3 
0  0  1 1 15  0
0 1 
 i * * 99,30 0
172 18 31  1  0 0 0  18247 0 0  165  6 6 
0  0  1 0 31  0
0 0 
 * Grundy*Center * 49,90 0
68 21 31  20  0 0 0  514 7 2  -1  500 200 
0  0  1 0 31  0
0 0 
 a * * 49,90 0
178 4 31  1  0 0 0  18247 0 0  68  10 4 
0  0  2 93 31  0
0 0 
 a * * 49,90 0
320 9 31  1  0 0 0  18247 0 0  68  10 4 
0  0  1 0 31  0
0 0 
 W IR-W-01 * 67,89 0
163 1 31  1  0 0 0  18247 0 0  -1  38 0 
5  0  4 1 15 67,90 0
0 3 
 * Yadkinville * 44,44 0
16 23 31  20  0 0 0  1542 1 0  -1  500 200 
0  0  1 0 31  1
0 0 0 0 0 0 1 0 0 0 0 0 0 0 0 0 0 0 0 0 0 0 0 0 0 0 
  * 1 0
  0 0    4 1 31 51,41
0 0 
 * Pocklington * 46,91 0
63 22 31  20  0 0 0  514 1 1  -1  500 200 
0  0  1 0 31  0
0 0 
 a * * 46,91 0
184 5 31  1  0 0 0  18247 0 0  63  10 4 
0  0  2 94 31  0
0 0 
 * Wewahitchka * 52,34 0
64 30 31  20  0 0 0  1542 7 0  -1  500 200 
0  0  1 0 31  1
0 0 0 0 0 0 1 0 0 0 0 0 0 0 0 0 0 0 0 0 0 0 0 0 0 0 
  * 1 0
  0 0    4 1 31 58,38
0 0 
 b * * 38,47 0
155 5 31  2  0 0 0  18247 0 0  -1  6 3 
1  0  13 88 24  0
0 6 
 i * * 38,47 0
145 8 31  1  0 0 0  18247 0 0  155  2 6 
0  0  2 85 31  0
0 0 
 * Turkey*Flat * 50,35 0
29 31 31  20  0 0 0  1542 8 0  -1  500 200 
0  0  1 0 31  1
0 0 0 0 0 0 1 0 0 0 0 0 0 0 0 0 0 0 0 0 0 0 0 0 0 0 
  * 1 0
  0 0    4 1 31 51,41
0 0 
 * High*Shoals * 49,95 0
20 40 31  20  0 0 0  514 6 0  -1  500 200 
0  0  1 0 31  0
0 0 
 b * * 60,23 0
132 1 31  2  0 0 0  18247 0 0  -1  12 3 
4  0  13 94 8  0
0 6 
 i * * 60,23 0
126 2 31  1  0 0 0  18247 0 0  132  4 6 
1  0  2 83 31  0
0 0 
 * Cogt-Ovoo * 49,33 0
14 34 31  20  0 0 0  1542 9 0  -1  500 200 
0  0  1 0 31  1
0 0 0 0 0 0 1 0 0 0 0 0 0 0 0 0 0 0 0 0 0 0 0 0 0 0 
  * 1 0
  0 0    4 1 31 51,41
0 0 
 b * * 43,97 0
136 3 31  2  0 0 0  18247 0 0  -1  30 3 
4  0  1 0 31  0
0 6 
 i * * 43,97 0
137 5 31  1  0 0 0  18247 0 0  136  6 6 
0  0  2 99 31  0
0 0 
 * Disputanta * 48,97 0
103 39 31  20  0 0 0  1542 16 0  -1  500 200 
0  0  1 0 31  0
0 0 
 * Winooski * 53,24 0
23 42 31  20  0 0 0  1542 18 0  -1  500 200 
0  0  1 0 31  0
0 0 
 b * * 53,24 0
133 2 31  2  0 0 0  18247 0 0  23  36 3 
2  0  1 1 15  0
0 3 
 i * * 53,24 0
130 4 31  1  0 0 0  18247 0 0  23  6 6 
2  0  1 0 31  0
0 0 
 b * * 18,12 1
148 1 31  2  0 0 0  18247 0 0  -1  24 3 
3  0  1 1 15  0
0 6 
 f * * 18,11 1
127 2 31  1  0 0 0  18247 0 0  -1  17 3 
0  0  2 1 31  0
0 1 
 f * * 15,15 1
122 1 31  1  0 0 0  18247 0 0  -1  7 3 
2  0  1 1 16  0
0 9 
 t * * 21,12 1
134 1 31  3  0 0 0  18247 0 0  -1  194 20 
0  0  4 1 15 22,13 0
0 2 
 / BU-/-08 * 18,10 1
139 8 31  10  0 0 0  18247 0 0  -1  159 100 
0  0  1 0 31  0
0 0 
 h * * 21,10 1
154 2 31  1  0 0 0  18247 0 0  -1  9 2 
1  0  1 1 15  0
0 3 
 / BU-/-12 * 16,11 1
164 12 31  10  0 0 0  18247 0 0  -1  40 70 
0  0  1 0 31  0
0 0 
 / BU-/-10 * 17,10 1
143 10 31  10  0 0 0  18247 0 0  -1  143 100 
0  0  1 0 31  0
0 0 
 h * * 17,10 1
144 1 31  1  0 0 0  18247 0 0  143  12 2 
4  0  3 1 31 4 0
0 1 
 f * * 22,10 1
135 3 31  1  0 0 0  18247 0 0  -1  10 3 
3  0  1 0 31  0
0 8 
 * Stanleytown * 16,10 1
70 5 31  20  0 0 0  1028 6 1  -1  500 200 
0  0  1 0 31  0
0 0 
 G * * 16,10 1
157 1 31  2  0 0 0  18247 0 0  70  50 0 
0  0  1 1 16  0
0 1 
 i * * 16,10 1
117 1 31  1  0 0 0  18247 0 1  70  6 6 
4  0  1 0 31  0
0 1 
 / BU-/-13 * 18,8 1
321 13 31  10  0 0 0  18247 0 0  -1  10 5 
0  0  1 0 31  0
0 0 
 i * * 18,8 1
120 3 31  1  0 0 0  18247 0 1  321  6 6 
2  0  2 1 31  0
0 0 
 t * * 12,13 1
149 2 31  3  0 0 0  18247 0 0  -1  196 20 
5  0  4 1 15 7,18 0
0 2 
 a * * 12,13 1
305 1 31  1  0 0 0  18247 0 0  149  10 4 
0  0  2 97 31  0
0 0 
 / BU-/-07 * 15,10 1
131 7 31  10  0 0 0  18247 0 0  -1  196 100 
0  0  1 0 31  0
0 0 
 f * * 15,10 1
313 4 31  1  0 0 0  18247 0 0  131  18 3 
3  0  1 1 31  0
0 6 
 * Cloverport * 16,9 1
11 6 31  20  0 0 0  514 3 1  -1  500 200 
0  0  1 0 31  0
0 0 
 / BU-/-11 * 17,8 1
150 11 31  10  0 0 0  18247 0 0  -1  186 100 
0  0  1 0 31  0
0 0 
 b * * 17,8 1
306 2 31  2  0 0 0  18247 0 0  150  36 3 
1  0  1 1 15  0
0 2 
 T * * 13,10 1
138 1 31  1  0 0 0  18247 0 0  -1  198 200 
0  0  1 0 31  0
0 2 
 * Ouadda * 14,9 1
10 4 31  20  0 0 0  257 106 0  -1  467 180 
0  0  1 0 31  0
0 0 
 / BU-/-01 * 15,8 1
119 1 31  10  0 0 0  18247 0 0  -1  200 100 
0  0  1 0 31  0
0 0 
 / BU-/-09 * 16,7 1
142 9 31  10  0 0 0  18247 0 0  -1  200 100 
0  0  1 0 31  0
0 0 
 / BU-/-02 * 14,8 1
121 2 31  10  0 0 0  18247 0 0  -1  200 85 
0  0  1 0 31  0
0 0 
 T * * 14,8 1
146 2 31  1  0 0 0  18247 0 0  121  200 200 
0  0  1 1 15  0
0 1 
 * Rimbo * 15,7 1
13 1 31  20  0 0 0  3598 10 1  -1  420 200 
0  0  1 0 31  0
0 0 
 @ Madadi * 16,6 1
8 1 1  40  0 0 0  1799 8 1  -1  900 400 
0  0  1 0 31  0
0 0 
 T * * 16,6 1
162 3 31  1  0 0 0  18247 0 0  8  200 200 
1  0  3 1 31 1 0
0 1 
 / BU-/-05 * 12,9 1
125 5 31  10  0 0 0  18247 0 0  -1  196 100 
0  0  1 0 31  0
0 0 
 r * * 12,9 1
188 1 31  1  0 0 0  18247 0 0  125  200 0 
3  0  1 1 16  0
0 3 
 * Gaastra * 13,8 1
9 2 31  20  0 0 0  3341 90 0  -1  500 200 
0  0  1 0 31  0
0 0 
 / BU-/-04 * 14,7 1
124 4 31  10  0 0 0  18247 0 0  -1  200 100 
0  0  1 0 31  0
0 0 
 / BU-/-03 * 15,6 1
123 3 31  10  0 0 0  18247 0 0  -1  200 100 
0  0  1 0 31  0
0 0 
 / BU-/-06 * 13,7 1
128 6 31  10  0 0 0  18247 0 0  -1  189 100 
0  0  1 0 31  0
0 0 
 * Throop * 14,6 1
12 3 31  20  0 0 0  2056 28 0  -1  469 200 
0  0  1 0 31  0
0 0 
 i * * 14,6 1
118 2 31  1  0 0 0  18247 0 0  12  6 6 
3  0  1 0 31  0
0 0 
 h * * 14,6 1
170 3 31  1  0 0 0  18247 0 0  12  12 2 
2  0  3 2 0 2 0
0 1 
 G * * 14,6 1
322 2 31  2  0 0 0  18247 0 0  12  50 0 
0  0  1 0 31  0
0 0 
 d * * 11,8 1
312 1 31  3  0 0 0  18247 0 0  -1  94 20 
5  0  1 1 15  0
0 3 
 