Xconq 1 +-++++ 
Uwe.per
5.5.1a (7/19/92)
Map 100 100 0 0 0
100_
3.10+6.=4+8.++..++..4+14.+,12+7.,++18.
3.10+=6.6+6.+3~3+,,8+17.9+5.++7.+=9.
..=12+=8.3+=5.~~..++..,3+.4+18.9+4.++6.3+8.
3.++^^7+%%,==6.3+=18.3+24.4+..4+5.++=8.
3.,+6^3+4%3=.%..5+=17.++27.+..4+5.3+8.
4.3+5^++%%=.=%..=.=9+~14.++30.4+4.,++8.
5.+8^4%=7.4+^^3+3~..3,..3,..+31.4+3.,++8.
5.++4^+3^5%6.%4+^^++3~3,~~3,4+35.3+..++8.
6.++4^++7%==,,3%^3+^^++..~..3,4.++35.10+,4.
7.++3^++13%4^+3^++,48.10+,3.
8.++3^++12%5^+3^++49.9+=3.
9.++^^3+3%.7%6^+3^++49.8+,3.
10.7+%=3.5%11^+50.6+=4.
11.7+,3.5%11^++50.5+5.
13.3+6.=4%10^4+16.++32.5+4.
23.4%11^3+17.3+31.++^+,3.
23.,,3%10^4+17.3+,29.++^^++2.
26.%%5^_4^+=..~16.4+29.++3^++1.
23.%3.%%9^+=..~~16.~4+27.3+3^2+
27.=%8^++4.~~18.4+26.++4^1+
+27.%%7^++5.3~18.4+24.++4^1+
+28.%+6^++7.~~10.~~6.3+%%21.3+4^1+
++14.,13.%+5^++8.3~7.3~8.=3%4.5%++8.4+5^
++13.=3%3.%8.3+^^++=9.4~4.4~9.3%4.6%++7.4+5^
++13.8%10.5+,10.5~.4~9.++%%4.4%^^%%.=5.4+5^
++12.10%10.4+13.7~8.~4+5.5%^^%%+,4.4+4^1+
3+11.10%12.++29.++7.5%^^%%++,3.4+3^2+
++,11.11%51.6%^^4+3.4+^^3+
++12.%%3^6%51.4%.%^^4+3.4+^4+
++,11.%%7^3%51.3%.=%^++^+=3.3+^4+
3+12.%%7^%%52.%%..%^4+=4.7+
3+13.%7^%%53.+3.5+,5.6+
3+14.%6^%%54.,..=4+6.6+
3+15.%%3^3%60.,+7.5+
++=16.%%^4%68.,..3+
+=18.6%72.2+
20.6%68.,4.1,
20.6%21.,46.,5.
11.+,7.=5%74.
11.3+7.6%73.
12.++=6.7%72.
13.3+=4.=7%35.,~34.
..4+7.=7+=.7%33.,4+32.
.,3~3+7.7+.=7%30.~~6+31.
..4~^++7.5+,..4%^^%%30.7+31.
..4~^++9.++5.3%3^%%29.8+30.
..4~^^++16.,%3^3%30.7+22.4~3.
3.3~^^~+18.6%32.~+^3+21.6~1.
4.~~3^~+18.=3%33.+~5+10.4+6.7~
~~3.~~^^~~+55.4+^^+8.7+4.7~
3~3.~~^3~54.~4+^^+~+6.8+3.7~
^^~~3.5~+51.3~3+^^4+6.9+~.4~3^
3^~~3.4~++51.~~5^5+5.9+7~2^
4^~4.4~+25.5+7.9+6.~~^8+5.3+7^6~2^
5^~4.3~24.9+=5.10+4.,10+5.++9^6~1^
~5^~29.=++5^4+=3.13+..9+=5.++10^6~
3~3^~~,27.3+6^5+..7+3^5+,6+%%,5.%%11^5~
9~27.3+6^13+5^12+%,5.%%+9^6~
7~4.~~23.++8^7+,4+6^5+..4+%6.3%++7^6~
12.3~21.++11^4+..4+5^5+13.3%4+6^4~1.
13.,~~21.+11^4+3.4+5^4+14.3%5+5^+~2.
15.~~19.3%10^4+4.12+14.=3%6+4^+2.
17.,18.3%10^4+5.10+13.8%5+3^+2.
36.4%9^4+9.,.,,16.8%4+3^++1.
36.5%5^7+31.=6%4+3^+1.
37.5%4^7+33.6%3+3^+1.
26.=4%=6.5%^^%%6+35.5%++3^2+
+24.=+7%5.,8%5+5.9+22.4%++3^2+
3+22.=+8%7.,=%%,11.10+5.,17.%%3+^^2+
4+21.,+9%22.7+4~4.+18.=++^^3+
5+21.+%%=7%21.4+8~3.,20.++^^2+
5+21.+%=..,6%10.3,7.3+3~^^7~,20.++3^1+
^5+20.+%=4.%%=%%=6.7%+5.3+6^7~19.=3+3^
^5+21.=%8.=%6.8%+4.3+6^6~21.,3+2^
3+^3+12.=++=22.8%++4.++~6^6~23.3+
3+3^++11.5+%20.,%%++3%3+3.,+~6^6~24.,1+
4+3^++11.5+%%19.%%3+%%4+3.,~~5^6~25.1,
+4%+^^++14.+3%=17.%%9+=4.~~5^5~26.
5%5+14.,+4%16.=%10+5.~~3^6~26.
6%5+14.+5%16.9+,7.10~26.
7%4+13.,+6%16.7+10.,5~29.
8%+==14.+6%17.5+=45.
8%18.+6%17.4+46.
+7%=17.,6%18.=+47.
+8%18.,5%,66.
.+7%20.5%66.
..=3%..,,5.,+12.,4%66.
11.,3.3+12.4%,65.
+10.%7+12.3%,65.
++10.%6+14.,65.1+
++10.=6+77.3~1+
++11.%5+74.6~1+
++12.3+=76.3~3+
++92.6+
++93.5+
++94.4+
++96.,1+
++97.1+
100_
Globals 75 1000 1 0 0 0 0
Sides 2 4 0
Iranian
0  0 -100  55 3 19 1 1 1 32 1 1 1 1 2 3 1 1 2 1 1 1 1 1 1 1 1 64 9 
?100
?100
?100
?100
?100
?100
?84.4?12
?82.6?12
?81.4b0.2?12
?80.7?13
?78.8?14
?77.7?16
?64.3?9.6?18
?28.16?19.4?8.6?19
?26.31?5.5?6.7?20
?25.33?3.7?3.7?22
?8.5?11.27*0.6?2.8?1.8?23
?7.6?10.2b0.50?24
?6.1@O.3t1.1?10.2i0.2?2*O.44?25
?5.3a1.4?10.3?3.16?1.29?25
?4.1*O.6?16.2b0.30?1.5*0.7?25
.11?17.47?25
.10?18.47?22.3
.2*0.6?28.38?21.4
.8?32.13*0.21?20.3*0.1
.4@0.3?32.35?19.6
.5*0.2?36.31?18.3*0.3
.7?37.31?17.2@0.5
.7?37.31?6.4?5.5*0.4
.6?34.35?4.6?4.11
.5?34.43b0.2?3.3b0.3*0.3*0
.4?34.25@0.20?3.3*0.9
.2?36.55@0.6
?36.13*0.14b0.16?1.18
?35.17*0.26?2.13?1.5
?34.16*0.28?1.5*0.6?2.5?1
?34.64?2
?34.26*0.36?3
?34.4b0.13*0.5*0.2*0.15b0.18?4
.11?23.15b0.45?3.2
.11?23.22*0.43
.11?23.17*0.14*0.23*0.9
.10?16.27*0.3*0.14*0.12*0.6*0.7
.15?10.32e0.5*0.36
.15?9.8b0.11*0.12@0.15*0.1*0.24
.15?9.32*0.43
.15?9.76
.12*0.2?18.56*0.10
.9?1.4?15.71
.9?1.3?15.45*0.20*0.5
.8?19.14b0.30*0.27
.3*0.4?18.74
.8?17.7b0.32*0.34
.8?16.76
.8?16.42*0*0.32
.8?16.12?1.5?2.20*0.1*0.1*0.31
.8?18.9?2.5?2.22@0.33
.7?18.9?3.4?3.46?2.8
.6?18.8?5.3?11.43?6
?24.6?20.45?5
?24.5?20.10?1.23W0.12?4
?48.10?1.37?4
?47.10?1.38?4
?46.10?1.17?1.21?4
?45.10?1.40?4
?45.9?1.32*0.2?1.2B0.2?4
?45.8?1.5?1.30?1.4?5
?45.7?1.5?2.34?6
?45.6?1.5?3.23*0.7?9
?45.5?1.5?4.31?9
?45.10?5.31?9
?45.9?6.30?10
?45.8?7.7*0.13*0.7?11
?45.7?8.28?12
?42.9?10.26?13
?41.7*0.2?8.27?14
?40.2b0.7?8.27?15
?40.9?8.2*0.8*0.15?16
?40.6*0.2?8.22b0.3?17
?43.5?9.7*0.11?1.4?19
?40.7?12.4e0.11?2.3?20
?39.7?12.4@0.12?25
?38.2b0.4?12.2*0.15?25
?38@O.5?12.19?25
?34.11?10.20?25
?33.13?8.7?1.13?25
?32.15?6.6?3.13?6.7?12
?23.5?4.16?3.6?5.26?12
?22.6?4.24?6.26?12
?21.2b0.31?6.27?12
?21.28*0.4?7.27?12
?21.25*0.6?8.27?12
?21.31?9.20W0.6?12
?20.5*0.26?9.20*O.5?13
?19.33?9.25?14
?18.31*0.2?9.7b0.16?15
?17.20@0.4*0.8?10.7*0.15?16
?17.21*0.9*0.2?11.10@O.10?17
?17.33?12.20?18
?35.4?1.9?13.19?19
1 * :0.0 0 2837 0
0 54 0 0 1 0 0 0 0 0 0 0 0 0 
0 0 0 0 0 0 0 0 0 0 0 0 0 0 0 0 0 0 0 0 0 0 0 0 126 16 
0 0 0 0 0 0 0 0 0 0 0 0 0 0 0 0 0 0 0 0 0 0 0 0 87 6 
0 2 0 0 0 0 0 0 0 0 0 0 0 0 
0 0 0 0 0 0 0 0 0 0 0 0 0 0 0 0 0 0 0 0 0 0 0 0 0 0 
0 0 0 0 0 0 0 0 0 0 0 0 0 0 0 0 0 0 0 0 0 0 0 0 0 0 
0 18 0 0 0 0 0 0 0 0 0 0 0 0 
0 0 0 0 0 0 0 0 0 0 0 0 0 0 0 0 0 0 0 0 0 0 0 0 0 0 
0 0 0 0 0 0 0 0 0 0 0 0 0 0 0 0 0 0 0 0 0 0 0 0 0 0 
0 0 0 0 0 0 0 0 0 0 0 0 0 0 
0 0 0 0 0 0 0 0 0 0 0 0 0 0 0 0 0 0 0 0 0 0 0 0 0 0 
0 0 0 0 0 0 0 0 0 0 0 0 0 0 0 0 0 0 0 0 0 0 0 0 0 0 
0 0 0 0 0 0 0 0 0 0 0 0 0 0 
0 0 0 0 0 0 0 0 0 0 0 0 0 0 0 0 0 0 0 0 0 0 0 0 0 0 
0 0 0 0 0 0 0 0 0 0 0 0 0 0 0 0 0 0 0 0 0 0 0 0 0 0 
0 0 0 0 0 0 0 0 0 0 0 0 0 0 
0 0 0 0 0 0 0 0 0 0 0 0 0 0 0 0 0 0 0 0 0 0 0 0 0 0 
0 0 0 0 0 0 0 0 0 0 0 0 0 0 0 0 0 0 0 0 0 0 0 0 0 0 
0 31 0 0 0 0 0 0 0 0 0 0 0 0 
0 0 2 0 0 0 0 0 0 0 0 0 0 0 0 0 0 0 0 0 0 0 0 0 0 0 
0 0 1 0 0 0 0 0 0 0 0 0 0 0 0 0 0 0 0 0 0 0 0 0 0 0 
0 0 0 0 0 0 0 0 0 0 0 0 0 0 
0 0 0 0 0 0 0 0 0 0 0 0 0 0 0 0 0 0 0 0 0 0 0 0 0 0 
0 0 0 0 0 0 0 0 0 0 0 0 0 0 0 0 0 0 0 0 0 0 0 0 0 0 
0 0 0 0 0 0 0 0 0 0 0 0 0 0 
0 0 0 0 0 0 0 0 0 0 0 0 0 0 0 0 0 0 0 0 0 0 0 0 0 0 
0 0 0 0 0 0 0 0 0 0 0 0 0 0 0 0 0 0 0 0 0 0 0 0 0 0 
0 0 0 0 0 0 0 0 0 0 0 0 0 0 
0 0 0 0 0 0 0 0 0 0 0 0 0 0 0 0 0 0 0 0 0 0 0 0 0 0 
0 0 0 0 0 0 0 0 0 0 0 0 0 0 0 0 0 0 0 0 0 0 0 0 0 0 
0 0 0 0 0 0 0 0 0 0 0 0 0 0 
0 0 0 0 0 0 0 0 0 0 0 0 0 0 0 0 0 0 0 0 0 0 0 0 0 0 
0 0 0 0 0 0 0 0 0 0 0 0 0 0 0 0 0 0 0 0 0 0 0 0 0 0 
0 1 0 0 0 0 0 0 0 0 0 0 0 0 
0 0 0 0 0 0 0 0 0 0 0 0 0 0 0 0 0 0 0 0 0 0 0 0 0 0 
0 0 0 0 0 0 0 0 0 0 0 0 0 0 0 0 0 0 0 0 0 0 0 0 0 0 
0 2 0 0 0 0 0 0 0 0 0 0 0 0 
0 0 0 0 0 0 0 0 0 0 0 0 0 0 0 0 0 0 0 0 0 0 0 0 0 0 
0 0 0 0 0 0 0 0 0 0 0 0 0 0 0 0 0 0 0 0 0 0 0 0 0 0 
0 0 0 0 0 0 0 0 0 0 0 0 0 0 
0 0 0 0 0 0 0 0 0 0 0 0 0 0 0 0 0 0 0 0 0 0 0 0 0 0 
0 0 0 0 0 0 0 0 0 0 0 0 0 0 0 0 0 0 0 0 0 0 0 0 0 0 
0 0 0 0 0 0 0 0 0 0 0 0 0 0 
0 0 0 0 0 0 0 0 0 0 0 0 0 0 0 0 0 0 0 0 0 0 0 0 0 0 
0 0 0 0 0 0 0 0 0 0 0 0 0 0 0 0 0 0 0 0 0 0 0 0 0 0 
0 1 0 0 0 0 0 0 0 0 0 0 0 0 
0 0 0 0 0 0 0 0 0 0 0 0 0 0 0 0 0 0 0 0 0 0 0 0 0 0 
0 0 0 0 0 0 0 0 0 0 0 0 0 0 0 0 0 0 0 0 0 0 0 0 0 0 
0 0 0 0 0 0 0 0 0 0 0 0 0 0 
0 0 0 0 0 0 0 0 0 0 0 0 0 0 0 0 0 0 0 0 0 0 0 0 0 0 
0 0 0 0 0 0 0 0 0 0 0 0 0 0 0 0 0 0 0 0 0 0 0 0 0 0 
0 0 0 0 0 0 0 0 0 0 0 0 0 0 
0 0 0 0 0 0 0 0 0 0 0 0 0 0 0 0 0 0 0 0 0 0 0 0 0 0 
0 0 0 0 0 0 0 0 0 0 0 0 0 0 0 0 0 0 0 0 0 0 0 0 0 0 
0 0 0 0 0 0 0 0 0 0 0 0 0 0 
0 0 0 0 0 0 0 0 0 0 0 0 0 0 0 0 0 0 0 0 0 0 0 0 0 0 
0 0 0 0 0 0 0 0 0 0 0 0 0 0 0 0 0 0 0 0 0 0 0 0 0 0 
0 0 0 0 0 0 0 0 0 0 0 0 0 0 
0 0 0 0 0 0 0 0 0 0 0 0 0 0 0 0 0 0 0 0 0 0 0 0 0 0 
0 0 0 0 0 0 0 0 0 0 0 0 0 0 0 0 0 0 0 0 0 0 0 0 0 0 
0 0 0 0 0 0 0 0 0 0 0 0 0 0 
0 0 0 0 0 0 0 0 0 0 0 0 0 0 0 0 0 0 0 0 0 0 0 0 0 0 
0 0 0 0 0 0 0 0 0 0 0 0 0 0 0 0 0 0 0 0 0 0 0 0 0 0 
0 0 0 0 0 0 0 0 0 0 0 0 0 0 
0 0 0 0 0 0 0 0 0 0 0 0 0 0 0 0 0 0 0 0 0 0 0 0 0 0 
0 0 0 0 0 0 0 0 0 0 0 0 0 0 0 0 0 0 0 0 0 0 0 0 0 0 
0 0 0 0 0 0 0 0 0 0 0 0 0 0 
0 0 0 0 0 0 0 0 0 0 0 0 0 0 0 0 0 0 0 0 0 0 0 0 0 0 
0 0 0 0 0 0 0 0 0 0 0 0 0 0 0 0 0 0 0 0 0 0 0 0 0 0 
0 0 0 0 0 0 0 0 0 0 0 0 0 0 
0 0 0 0 0 0 0 0 0 0 0 0 0 0 0 0 0 0 0 0 0 0 0 0 0 0 
0 0 0 0 0 0 0 0 0 0 0 0 0 0 0 0 0 0 0 0 0 0 0 0 0 0 
0 0 63 0 0 0 0 0 0 0 0 0 0 0 
0 0 0 0 0 0 0 0 0 0 0 0 0 0 0 0 0 0 0 0 0 0 0 0 0 0 
0 0 0 0 0 0 0 0 0 0 0 0 0 0 0 0 0 0 0 0 0 0 0 0 0 0 
1 0 7 0 0 0 0 0 0 0 0 0 0 0 
0 0 0 0 0 0 0 0 0 0 0 0 0 0 0 0 0 0 0 0 0 0 0 0 0 0 
0 0 0 0 0 0 0 0 0 0 0 0 0 0 0 0 0 0 0 0 0 0 0 0 0 0 
Burmese
0  -100 0  5 1 4 4 6 4 3 3 1 3 1 1 1 1 3 3 1 1 1 1 1 1 1 14 8 3 
?16.5?79
?15.6?2.3?74
?12.14?74
?8.18?74
?7.18?75
?6.19?75
?6.8*1/1@1.10?73
?6.7/1/1*1/1.3d1.6?73
?5.8*1/1/1.1/1/1.3f1.4?73
?4.8/1.1*1.1*1.8t1.2?72
?4.8T1.2/1*1/1/1.9?72
?4.12/1.11?72
?3.10b1.2b1.11?72
?2.5*O.19?73
?1.24?75
?1.10d1.12?76
?1.21?78
?3.18?79
?3.4@1.12?80
?3.16?81
?3.2*1.12?82
?4.2?3.8?83
?9.3?1.2?85
?8.3?89
?8.1t1.1?89
?8.2?90
?100
?100
?100
?100
?100
?100
?100
?100
?100
?100
?100
?100
?100
?100
?100
?100
?100
?100
?100
?100
?100
?100
?100
?100
?100
?100
?100
?100
?100
?100
?100
?100
?100
?100
?100
?100
?100
?100
?100
?100
?100
?100
?100
?100
?100
?100
?100
?100
?100
?100
?100
?100
?100
?100
?100
?100
?100
?100
?100
?100
?100
?100
?100
?100
?100
?100
?100
?100
?100
?100
?100
?100
?100
?100
0 * * 0 10 0
0 4 0 0 0 0 0 0 0 0 0 0 0 0 
0 0 0 0 0 0 0 0 0 0 0 0 0 0 0 0 0 0 0 0 0 0 0 0 12 0 
0 0 0 0 0 0 0 0 0 0 0 0 0 0 0 0 0 0 0 0 0 0 0 0 7 0 
0 0 0 0 0 0 0 0 0 0 0 0 0 0 
0 0 0 0 0 0 0 0 0 0 0 0 0 0 0 0 0 0 0 0 0 0 0 0 0 0 
0 0 0 0 0 0 0 0 0 0 0 0 0 0 0 0 0 0 0 0 0 0 0 0 0 0 
0 3 0 0 0 0 0 0 0 0 0 0 0 0 
1 0 0 0 0 0 2 0 0 0 0 0 0 0 0 0 0 0 0 0 0 0 0 0 2 2 
1 0 0 0 0 0 1 0 0 0 0 0 0 0 0 0 0 0 0 0 0 0 0 0 4 2 
0 3 0 0 0 0 0 0 0 0 0 0 0 0 
0 0 0 0 0 0 0 0 0 0 0 0 0 0 0 0 0 0 0 0 0 0 0 0 0 0 
0 0 0 0 0 0 0 0 0 0 0 0 0 0 0 0 0 0 0 0 0 0 0 0 0 0 
0 5 0 0 0 0 0 0 0 0 0 0 0 0 
0 0 0 0 0 0 0 0 0 0 0 0 0 0 0 0 0 0 0 0 0 0 0 0 6 0 
0 0 0 0 0 0 0 0 0 0 0 0 0 0 0 0 0 0 0 0 0 0 0 0 5 0 
0 3 0 0 0 0 0 0 0 0 0 0 0 0 
0 0 0 0 0 0 0 0 0 0 0 0 0 0 0 0 0 0 0 0 0 0 0 0 0 0 
0 0 0 0 0 0 0 0 0 0 0 0 0 0 0 0 0 0 0 0 0 0 0 0 0 0 
0 2 0 0 0 0 0 0 0 0 0 0 0 0 
0 0 0 0 0 0 0 0 0 0 0 0 0 0 0 0 0 0 0 0 0 0 0 0 0 0 
0 0 0 0 0 0 0 0 0 0 0 0 0 0 0 0 0 0 0 0 0 0 0 0 0 0 
0 2 0 0 0 0 0 0 0 0 0 0 0 0 
0 0 0 0 0 0 0 0 0 0 0 0 0 0 0 0 0 0 0 0 0 0 0 0 0 0 
0 0 0 0 0 0 0 0 0 0 0 0 0 0 0 0 0 0 0 0 0 0 0 0 0 0 
0 0 0 0 0 0 0 0 0 0 0 0 0 0 
0 0 0 0 0 0 0 0 0 0 0 0 0 0 0 0 0 0 0 0 0 0 0 0 0 0 
0 0 0 0 0 0 0 0 0 0 0 0 0 0 0 0 0 0 0 0 0 0 0 0 0 0 
0 2 0 0 0 0 0 0 0 0 0 0 0 0 
0 0 0 0 0 0 0 0 0 0 0 0 0 0 0 0 0 0 0 0 0 0 0 0 0 0 
0 0 0 0 0 0 0 0 0 0 0 0 0 0 0 0 0 0 0 0 0 0 0 0 0 0 
0 0 0 0 0 0 0 0 0 0 0 0 0 0 
0 0 0 0 0 0 0 0 0 0 0 0 0 0 0 0 0 0 0 0 0 0 0 0 0 0 
0 0 0 0 0 0 0 0 0 0 0 0 0 0 0 0 0 0 0 0 0 0 0 0 0 0 
0 0 0 0 0 0 0 0 0 0 0 0 0 0 
0 0 0 0 0 0 0 0 0 0 0 0 0 0 0 0 0 0 0 0 0 0 0 0 0 0 
0 0 0 0 0 0 0 0 0 0 0 0 0 0 0 0 0 0 0 0 0 0 0 0 0 0 
0 0 0 0 0 0 0 0 0 0 0 0 0 0 
0 0 0 0 0 0 0 0 0 0 0 0 0 0 0 0 0 0 0 0 0 0 0 0 0 0 
0 0 0 0 0 0 0 0 0 0 0 0 0 0 0 0 0 0 0 0 0 0 0 0 0 0 
0 0 0 0 0 0 0 0 0 0 0 0 0 0 
0 0 0 0 0 0 0 0 0 0 0 0 0 0 0 0 0 0 0 0 0 0 0 0 0 0 
0 0 0 0 0 0 0 0 0 0 0 0 0 0 0 0 0 0 0 0 0 0 0 0 0 0 
0 2 0 0 0 0 0 0 0 0 0 0 0 0 
0 0 0 0 0 0 0 0 0 0 0 0 0 0 0 0 0 0 0 0 0 0 0 0 0 0 
0 0 0 0 0 0 0 0 0 0 0 0 0 0 0 0 0 0 0 0 0 0 0 0 0 0 
0 2 0 0 0 0 0 0 0 0 0 0 0 0 
0 0 0 0 0 0 0 0 0 0 0 0 0 0 0 0 0 0 0 0 0 0 0 0 0 0 
0 0 0 0 0 0 0 0 0 0 0 0 0 0 0 0 0 0 0 0 0 0 0 0 0 0 
0 0 0 0 0 0 0 0 0 0 0 0 0 0 
0 0 0 0 0 0 0 0 0 0 0 0 0 0 0 0 0 0 0 0 0 0 0 0 0 0 
0 0 0 0 0 0 0 0 0 0 0 0 0 0 0 0 0 0 0 0 0 0 0 0 0 0 
0 0 0 0 0 0 0 0 0 0 0 0 0 0 
0 0 0 0 0 0 0 0 0 0 0 0 0 0 0 0 0 0 0 0 0 0 0 0 0 0 
0 0 0 0 0 0 0 0 0 0 0 0 0 0 0 0 0 0 0 0 0 0 0 0 0 0 
0 0 0 0 0 0 0 0 0 0 0 0 0 0 
0 0 0 0 0 0 0 0 0 0 0 0 0 0 0 0 0 0 0 0 0 0 0 0 0 0 
0 0 0 0 0 0 0 0 0 0 0 0 0 0 0 0 0 0 0 0 0 0 0 0 0 0 
0 0 0 0 0 0 0 0 0 0 0 0 0 0 
0 0 0 0 0 0 0 0 0 0 0 0 0 0 0 0 0 0 0 0 0 0 0 0 0 0 
0 0 0 0 0 0 0 0 0 0 0 0 0 0 0 0 0 0 0 0 0 0 0 0 0 0 
0 0 0 0 0 0 0 0 0 0 0 0 0 0 
0 0 0 0 0 0 0 0 0 0 0 0 0 0 0 0 0 0 0 0 0 0 0 0 0 0 
0 0 0 0 0 0 0 0 0 0 0 0 0 0 0 0 0 0 0 0 0 0 0 0 0 0 
0 0 0 0 0 0 0 0 0 0 0 0 0 0 
0 0 0 0 0 0 0 0 0 0 0 0 0 0 0 0 0 0 0 0 0 0 0 0 0 0 
0 0 0 0 0 0 0 0 0 0 0 0 0 0 0 0 0 0 0 0 0 0 0 0 0 0 
0 0 0 0 0 0 0 0 0 0 0 0 0 0 
0 0 0 0 0 0 0 0 0 0 0 0 0 0 0 0 0 0 0 0 0 0 0 0 0 0 
0 0 0 0 0 0 0 0 0 0 0 0 0 0 0 0 0 0 0 0 0 0 0 0 0 0 
0 13 0 0 0 0 0 0 0 0 0 0 0 0 
0 0 0 0 0 0 0 0 0 0 0 0 0 0 0 0 0 0 0 0 0 0 0 0 0 0 
0 0 0 0 0 0 0 0 0 0 0 0 0 0 0 0 0 0 0 0 0 0 0 0 0 0 
0 0 7 0 0 0 0 0 0 0 0 0 0 0 
0 0 0 0 0 0 0 0 0 0 0 0 0 0 0 0 0 0 0 0 0 0 0 0 0 0 
0 0 0 0 0 0 0 0 0 0 0 0 0 0 0 0 0 0 0 0 0 0 0 0 0 0 
1 0 1 0 0 0 0 0 0 0 0 0 0 0 
0 0 0 0 0 0 0 0 0 0 0 0 0 0 0 0 0 0 0 0 0 0 0 0 0 0 
0 0 0 0 0 0 0 0 0 0 0 0 0 0 0 0 0 0 0 0 0 0 0 0 0 0 
Units 263 4 0
@ Estiffanulga * 99,73 31
114 0 31  40  0 0 0  18247 0 0  -1  900 400 
0  0  1 0 31  0
0 0 
 @ Mungaoli * 98,5 31
111 0 31  40  0 0 0  18247 0 0  -1  900 400 
0  0  1 0 31  0
0 0 
 @ Tongobory * 38,83 31
107 0 31  40  0 0 0  18247 0 0  -1  900 400 
0  0  1 0 31  0
0 0 
 @ Wye * 72,97 31
104 0 31  40  0 0 0  18247 0 0  -1  900 400 
0  0  1 0 31  0
0 0 
 * Tillamook * 0,19 31
99 0 31  20  0 0 0  18247 0 0  -1  500 200 
0  0  1 0 31  0
0 0 
 * Bialy * 37,80 31
97 0 31  20  0 0 0  18247 0 0  -1  500 200 
0  0  1 0 31  0
0 0 
 * Dooms * 0,63 31
92 0 31  20  0 0 0  18247 0 0  -1  500 200 
0  0  1 0 31  0
0 0 
 * Farafangana * 22,66 31
91 0 31  20  0 0 0  18247 0 0  -1  500 200 
0  0  1 0 31  0
0 0 
 * Llantwit*Major * 93,70 31
90 0 31  20  0 0 0  18247 0 0  -1  500 200 
0  0  1 0 31  0
0 0 
 * Joshua*Tree * 92,86 31
86 0 31  20  0 0 0  18247 0 0  -1  500 200 
0  0  1 0 31  0
0 0 
 * New*Braunfels * 20,71 31
82 0 31  20  0 0 0  18247 0 0  -1  500 200 
0  0  1 0 31  0
0 0 
 * Naxos * 14,70 31
81 0 31  20  0 0 0  18247 0 0  -1  500 200 
0  0  1 0 31  0
0 0 
 * French*Lick * 81,93 31
79 0 31  20  0 0 0  18247 0 0  -1  500 200 
0  0  1 0 31  0
0 0 
 * Gummi * 26,31 31
74 0 31  20  0 0 0  18247 0 0  -1  500 200 
0  0  1 0 31  0
0 0 
 * Mankato * 24,62 31
73 0 31  20  0 0 0  18247 0 0  -1  500 200 
0  0  1 0 31  0
0 0 
 * Fairless*Hills * 2,68 31
61 0 31  20  0 0 0  18247 0 0  -1  500 200 
0  0  1 0 31  0
0 0 
 * North*Zulch * 30,18 31
59 0 31  20  0 0 0  18247 0 0  -1  500 200 
0  0  1 0 31  0
0 0 
 * Sheboygan * 96,73 31
57 0 31  20  0 0 0  18247 0 0  -1  500 200 
0  0  1 0 31  0
0 0 
 * Grindsted * 7,13 31
54 0 31  20  0 0 0  18247 0 0  -1  500 200 
0  0  1 0 31  0
0 0 
 * Ulm * 93,80 31
53 0 31  20  0 0 0  18247 0 0  -1  500 200 
0  0  1 0 31  0
0 0 
 * Great*Village * 26,28 31
50 0 31  20  0 0 0  18247 0 0  -1  500 200 
0  0  1 0 31  0
0 0 
 * Fowlstown * 4,97 31
47 0 31  20  0 0 0  18247 0 0  -1  500 200 
0  0  1 0 31  0
0 0 
 * Whitby * 94,68 31
45 0 31  20  0 0 0  18247 0 0  -1  500 200 
0  0  1 0 31  0
0 0 
 * Bobbio * 97,70 31
44 0 31  20  0 0 0  18247 0 0  -1  500 200 
0  0  1 0 31  0
0 0 
 * Whiskey*Bottom * 6,96 31
43 0 31  20  0 0 0  18247 0 0  -1  500 200 
0  0  1 0 31  0
0 0 
 * Halle * 5,95 31
42 0 31  20  0 0 0  18247 0 0  -1  500 200 
0  0  1 0 31  0
0 0 
 * Woonsocket * 92,88 31
40 0 31  20  0 0 0  18247 0 0  -1  500 200 
0  0  1 0 31  0
0 0 
 * Dzaamar * 99,1 31
39 0 31  20  0 0 0  18247 0 0  -1  500 200 
0  0  1 0 31  0
0 0 
 * Kaktovik * 22,87 31
35 0 31  20  0 0 0  18247 0 0  -1  500 200 
0  0  1 0 31  0
0 0 
 * North*Horr * 38,79 31
31 0 31  20  0 0 0  18247 0 0  -1  500 200 
0  0  1 0 31  0
0 0 
 * Slavonice * 17,94 31
27 0 31  20  0 0 0  18247 0 0  -1  500 200 
0  0  1 0 31  0
0 0 
 * Stuarts*Draft * 27,28 31
22 0 31  20  0 0 0  18247 0 0  -1  500 200 
0  0  1 0 31  0
0 0 
 * Tokma * 11,86 31
18 0 31  20  0 0 0  18247 0 0  -1  500 200 
0  0  1 0 31  0
0 0 
 * Greeley * 11,96 31
15 0 31  20  0 0 0  18247 0 0  -1  500 200 
0  0  1 0 31  0
0 0 
 @ Maheshwar * 66,56 0
2 1 0  40  0 0 0  3084 9 2  -1  900 400 
0  0  1 0 31  0
0 0 
 * Port*Deposit * 66,55 0
3 1 31  20  0 0 0  1542 5 3  -1  500 200 
0  0  1 0 31  1
0 0 0 0 0 0 1 0 0 0 0 0 0 0 0 0 0 0 0 0 0 0 0 0 0 0 
  * 1 0
  0 0    4 1 31 65,52
0 0 
 * Pumphrey * 68,55 0
4 4 31  20  0 0 0  2827 31 1  -1  430 200 
0  0  1 0 31  0
0 0 
 * Goose*Prairie * 66,54 0
5 2 31  20  0 0 0  1542 6 3  -1  500 200 
0  0  1 0 31  1
0 0 0 0 0 0 1 0 0 0 0 0 0 0 0 0 0 0 0 0 0 0 0 0 0 0 
  * 1 0
  0 0    4 1 31 65,52
0 0 
 * Broken*Arrow * 67,54 0
6 3 31  20  0 0 0  1542 7 3  -1  500 200 
0  0  1 0 31  1
0 0 0 0 0 0 1 0 0 0 0 0 0 0 0 0 0 0 0 0 0 0 0 0 0 0 
  * 1 0
  0 0    4 1 31 65,52
0 0 
 * Bushy*Park * 64,55 0
7 6 31  20  0 0 0  1542 8 2  -1  500 200 
0  0  1 0 31  1
0 0 0 0 0 0 1 0 0 0 0 0 0 0 0 0 0 0 0 0 0 0 0 0 0 0 
  * 1 0
  0 0    4 1 31 65,52
0 0 
 * Fort*Qu'Appelle * 65,52 0
62 5 31  20  0 0 0  0 4 14  -1  500 200 
0  0  1 0 31  1
1 0 0 0 0 0 2 0 0 0 0 0 0 0 0 0 0 0 0 0 0 0 0 0 0 0 
  * 1 0
  0 0    2 100 31 
  * 1 0
  0 0    15 1 31 
0 0 
 i * * 65,52 0
129 3 31  1  0 0 0  18247 0 0  62  6 6 
0  0  2 52 31  0
0 0 
 i * * 65,52 0
485 41 31  1  0 0 0  18247 0 0  62  6 6 
0  0  2 96 31  0
0 0 
 i * * 65,52 0
506 50 31  1  0 0 0  18247 0 0  62  6 6 
0  0  2 100 31  0
0 0 
 * Bulls*Gap * 72,50 0
24 7 31  20  0 0 0  2570 1 0  -1  500 200 
0  0  1 0 31  0
0 0 
 * Hayti * 73,49 0
65 8 31  20  0 0 0  1542 10 2  -1  500 200 
0  0  1 0 31  1
0 0 0 0 0 0 1 0 0 0 0 0 0 0 0 0 0 0 0 0 0 0 0 0 0 0 
  * 1 0
  0 0    4 1 31 73,44
0 0 
 * Tapiola * 73,44 0
95 28 31  20  0 0 0  0 4 6  -1  500 200 
0  0  1 0 31  1
1 0 0 0 0 0 2 0 0 0 0 0 0 0 0 0 0 0 0 0 0 0 0 0 0 0 
  * 1 0
  0 0    2 100 31 
  * 1 0
  0 0    15 1 31 
0 0 
 i * * 73,44 0
507 51 31  1  0 0 0  18247 0 0  95  6 6 
0  0  2 100 31  0
0 0 
 * Stupino * 75,44 0
51 14 31  20  0 0 0  1542 1 1  -1  500 200 
0  0  1 0 31  1
0 0 0 0 0 0 1 0 0 0 0 0 0 0 0 0 0 0 0 0 0 0 0 0 0 0 
  * 1 0
  0 0    4 1 31 73,44
0 0 
 * Enumclaw * 72,42 0
66 27 31  20  0 0 0  1542 10 1  -1  500 200 
0  0  1 0 31  1
0 0 0 0 0 0 1 0 0 0 0 0 0 0 0 0 0 0 0 0 0 0 0 0 0 0 
  * 1 0
  0 0    4 1 31 73,44
0 0 
 * Wutangjie * 66,41 0
21 9 31  20  0 0 0  1542 12 2  -1  500 200 
0  0  1 0 31  1
0 0 0 0 0 0 1 0 0 0 0 0 0 0 0 0 0 0 0 0 0 0 0 0 0 0 
  * 1 0
  0 0    4 1 31 73,44
0 0 
 * Saint-Witz * 63,43 0
75 10 31  20  0 0 0  0 2 9  -1  500 200 
0  0  1 0 31  1
1 0 0 0 0 0 2 0 0 0 0 0 0 0 0 0 0 0 0 0 0 0 0 0 0 0 
  * 1 0
  0 0    2 100 31 
  * 1 0
  0 0    15 1 31 
0 0 
 i * * 63,43 0
147 9 31  1  0 0 0  18247 0 0  75  6 6 
0  0  2 70 31  0
0 0 
 i * * 63,43 0
156 12 31  1  0 0 0  18247 0 0  75  6 6 
0  0  2 74 31  0
0 0 
 i * * 63,43 0
166 15 31  1  0 0 0  18247 0 0  75  6 6 
0  0  2 78 31  0
0 0 
 i * * 63,43 0
176 20 31  1  0 0 0  18247 0 0  75  6 6 
0  0  2 82 31  0
0 0 
 i * * 63,43 0
496 47 31  1  0 0 0  18247 0 0  75  6 6 
0  0  2 98 31  0
0 0 
 * Cut*and*Shoot * 67,72 0
30 11 31  20  0 0 0  3855 8 1  -1  500 200 
0  0  1 0 31  1
0 0 0 0 0 0 0 0 0 0 0 0 0 0 0 1 0 0 0 0 0 0 0 0 0 0 
  * 1 0
  0 0    4 1 31 68,77
0 0 
 b * * 77,38 0
487 25 31  2  0 0 0  18247 0 0  -1  30 3 
3  0  4 1 15 80,33 0
0 6 
 i * * 77,38 0
486 42 31  1  0 0 0  18247 0 0  487  5 6 
0  0  2 98 31  0
0 0 
 * North*Tolsta * 48,75 0
94 54 31  20  0 0 0  1542 15 0  -1  457 200 
0  0  1 0 31  0
0 0 
 * Scalp*Level * 85,42 0
28 32 31  20  0 0 0  1542 14 1  -1  476 200 
0  0  1 0 31  1
0 0 0 0 0 0 1 0 0 0 0 0 0 0 0 0 0 0 0 0 0 0 0 0 0 0 
  * 1 0
  0 0    4 1 31 90,41
0 0 
 * Guderup * 59,77 0
60 61 31  20  0 0 0  1542 18 0  -1  493 200 
0  0  1 0 31  0
0 0 
 b * * 59,77 0
462 17 31  2  0 0 0  18247 0 0  60  36 3 
4  0  1 1 15  0
0 3 
 i * * 59,77 0
466 34 31  1  0 0 0  18247 0 0  60  6 6 
0  0  1 0 31  0
0 0 
 W IR-W-02 * 83,60 0
473 2 31  1  0 0 0  18247 0 0  -1  29 0 
1  0  4 1 15 87,65 0
0 3 
 * Al-'Awsajiyah * 56,45 0
19 12 31  20  0 0 0  1542 16 2  -1  484 200 
0  0  1 0 31  1
0 0 0 0 0 0 1 0 0 0 0 0 0 0 0 0 0 0 0 0 0 0 0 0 0 0 
  * 1 0
  0 0    4 1 31 63,43
0 0 
 b * * 56,45 0
508 30 31  2  0 0 0  18247 0 0  19  36 3 
0  0  4 1 31 63,43 0
0 0 
 @ Picayune * 57,44 0
106 2 31  40  0 0 0  257 4 1  -1  900 400 
0  0  1 0 31  0
0 0 
 * Ware*Shoals * 85,35 0
48 45 31  20  0 0 0  1542 8 0  -1  497 200 
0  0  1 0 31  0
0 0 
 * Kashgar * 46,78 0
52 59 31  20  0 0 0  1542 17 0  -1  500 200 
0  0  1 0 31  0
0 0 
 e * * 57,43 0
480 1 31  1  0 0 0  6168 15 0  -1  45 0 
3  0  2 15 31  0
0 0 
 * Koblenz * 64,79 0
76 16 31  20  0 0 0  514 7 4  -1  500 200 
0  0  1 0 31  1
0 0 1 0 0 0 0 0 0 0 0 0 0 0 0 6 0 0 0 0 0 0 0 0 0 0 
  * 1 0
  0 0    2 100 31 
  * 1 0
  0 0    15 1 31 
  * 1 0
  0 0    4 1 31 59,82
0 0 
 a * * 64,79 0
474 12 31  1  0 0 0  18247 0 0  76  10 4 
0  0  2 93 31  0
0 0 
 a * * 64,79 0
169 2 31  1  0 0 0  18247 0 0  76  10 4 
0  0  2 79 31  0
0 0 
 a * * 64,79 0
303 7 31  1  0 0 0  18247 0 0  76  10 4 
0  0  2 86 31  0
0 0 
 a * * 64,79 0
509 18 31  1  0 0 0  18247 0 0  76  10 4 
0  0  2 100 31  0
0 0 
 * Coon*Rapids * 68,77 0
34 15 31  20  0 0 0  514 6 4  -1  500 200 
0  0  1 0 31  1
0 0 1 0 0 0 0 0 0 0 0 0 0 0 0 6 0 0 0 0 0 0 0 0 0 0 
  * 1 0
  0 0    2 100 31 
  * 1 0
  0 0    15 1 31 
  * 1 0
  0 0    4 1 31 64,79
0 0 
 a * * 68,77 0
503 17 31  1  0 0 0  18247 0 0  34  10 4 
0  0  2 99 31  0
0 0 
 * Gilroy * 89,47 0
80 37 31  20  0 0 0  1542 6 0  -1  500 200 
0  0  1 0 31  1
0 0 0 0 0 0 1 0 0 0 0 0 0 0 0 0 0 0 0 0 0 0 0 0 0 0 
  * 1 0
  0 0    4 1 31 90,41
0 0 
 * Delta * 57,42 0
41 13 31  20  0 0 0  1542 1 1  -1  500 200 
0  0  1 0 31  1
0 0 0 0 0 0 1 0 0 0 0 0 0 0 0 0 0 0 0 0 0 0 0 0 0 0 
  * 1 0
  0 0    4 1 31 63,43
0 0 
 * Hoosick*Falls * 61,38 0
89 20 31  20  0 0 0  1542 6 1  -1  500 200 
0  0  1 0 31  1
0 0 0 0 0 0 1 0 0 0 0 0 0 0 0 0 0 0 0 0 0 0 0 0 0 0 
  * 1 0
  0 0    4 1 31 63,43
0 0 
 e * * 63,80 0
498 2 31  1  0 0 0  6168 19 0  -1  49 0 
2  0  2 19 31  0
0 0 
 b * * 42,76 0
465 19 31  2  0 0 0  18247 0 0  -1  30 3 
4  0  4 1 11 41,76 0
0 6 
 i * * 42,76 0
171 17 31  1  0 0 0  18247 0 0  465  5 6 
0  0  2 93 31  0
0 0 
 * Drohiczyn * 90,41 0
37 33 31  20  0 0 0  0 4 5  -1  468 196 
0  0  1 0 31  1
1 0 0 0 0 0 2 0 0 0 0 0 0 0 0 0 0 0 0 0 0 0 0 0 0 0 
  * 1 0
  0 0    2 100 31 
  * 1 0
  0 0    15 1 31 
0 0 
 b * * 90,41 0
497 27 31  2  0 0 0  18247 0 0  37  36 3 
1  0  1 0 31  0
0 0 
 i * * 90,41 0
182 24 31  1  0 0 0  18247 0 0  37  6 6 
0  0  2 84 31  0
0 0 
 i * * 90,41 0
309 30 31  1  0 0 0  18247 0 0  37  6 6 
0  0  2 88 31  0
0 0 
 i * * 90,41 0
470 36 31  1  0 0 0  18247 0 0  37  6 6 
0  0  2 92 31  0
0 0 
 i * * 90,41 0
488 43 31  1  0 0 0  18247 0 0  497  6 6 
0  0  2 99 31  0
0 0 
 i * * 90,41 0
510 52 31  1  0 0 0  18247 0 0  37  6 6 
0  0  2 100 31  0
0 0 
 @ Herbertabad * 62,81 0
105 3 31  40  0 0 0  257 8 1  -1  900 400 
0  0  1 0 31  0
0 0 
 * Nephi * 60,37 0
46 24 31  20  0 0 0  1542 8 1  -1  500 200 
0  0  1 0 31  1
0 0 0 0 0 0 1 0 0 0 0 0 0 0 0 0 0 0 0 0 0 0 0 0 0 0 
  * 1 0
  0 0    4 1 31 63,43
0 0 
 b * * 64,33 0
494 26 31  2  0 0 0  18247 0 0  -1  30 3 
1  0  1 1 15  0
0 6 
 i * * 64,33 0
499 48 31  1  0 0 0  18247 0 0  494  5 6 
0  0  2 99 31  0
0 0 
 * Podunk * 90,31 0
25 49 31  20  0 0 0  1542 11 0  -1  500 200 
0  0  1 0 31  0
0 0 
 b * * 40,82 0
316 15 31  2  0 0 0  18247 0 0  -1  30 3 
4  0  1 0 31  0
0 6 
 i * * 40,82 0
179 22 31  1  0 0 0  18247 0 0  316  6 6 
0  0  1 0 31  0
0 0 
 * Hack*Point * 59,82 0
78 18 31  20  0 0 0  514 2 3  -1  500 200 
0  0  1 0 31  1
0 0 1 0 0 0 0 0 0 0 0 0 0 0 0 2 0 0 0 0 0 0 0 0 0 0 
  * 1 0
  0 0    2 100 31 
  * 1 0
  0 0    15 1 31 
0 0 
 a * * 59,82 0
483 13 31  1  0 0 0  18247 0 0  78  10 4 
0  0  2 95 31  0
0 0 
 a * * 59,82 0
175 3 31  1  0 0 0  18247 0 0  78  10 4 
0  0  2 81 31  0
0 0 
 a * * 59,82 0
310 8 31  1  0 0 0  18247 0 0  78  10 4 
0  0  2 88 31  0
0 0 
 * Hamtramck * 92,42 0
67 35 31  20  0 0 0  1542 16 1  -1  468 199 
0  0  1 0 31  1
0 0 0 0 0 0 1 0 0 0 0 0 0 0 0 0 0 0 0 0 0 0 0 0 0 0 
  * 1 0
  0 0    4 1 31 90,41
0 0 
 b * * 92,42 0
511 31 31  2  0 0 0  18247 0 0  67  36 3 
0  0  4 1 31 90,41 0
0 0 
 * Iraan * 56,40 0
77 26 31  20  0 0 0  1542 10 1  -1  500 200 
0  0  1 0 31  1
0 0 0 0 0 0 1 0 0 0 0 0 0 0 0 0 0 0 0 0 0 0 0 0 0 0 
  * 1 0
  0 0    4 1 31 58,38
0 0 
 * Thot-not * 58,38 0
101 25 31  20  0 0 0  0 2 6  -1  500 200 
0  0  1 0 31  1
1 0 0 0 0 0 0 0 0 0 0 2 0 0 0 0 0 0 0 0 0 0 0 0 0 0 
  * 1 0
  0 0    2 100 31 
  * 1 0
  0 0    15 1 31 
0 0 
 i * * 58,38 0
168 16 31  1  0 0 0  18247 0 0  101  6 6 
0  0  2 78 31  0
0 0 
 i * * 58,38 0
177 21 31  1  0 0 0  18247 0 0  101  6 6 
0  0  2 82 31  0
0 0 
 i * * 58,38 0
304 27 31  1  0 0 0  18247 0 0  101  6 6 
0  0  2 86 31  0
0 0 
 b * * 82,30 0
484 24 31  2  0 0 0  18247 0 0  -1  12 3 
1  0  4 1 11 84,29 0
0 6 
 i * * 82,30 0
319 33 31  1  0 0 0  18247 0 0  484  3 6 
0  0  2 96 31  0
0 0 
 b * * 91,30 0
471 20 31  2  0 0 0  18247 0 0  -1  30 3 
1  0  4 1 15 95,28 0
0 6 
 i * * 91,30 0
479 39 31  1  0 0 0  18247 0 0  471  6 6 
0  0  2 94 31  0
0 0 
 * Drumright * 53,42 0
32 19 31  20  0 0 0  1542 5 1  -1  500 200 
0  0  1 0 31  1
0 0 0 0 0 0 1 0 0 0 0 0 0 0 0 0 0 0 0 0 0 0 0 0 0 0 
  * 1 0
  0 0    4 1 31 58,38
0 0 
 @ Samarkand * 93,32 0
112 8 31  40  0 0 0  257 16 0  -1  900 400 
0  0  1 0 31  0
0 0 
 b * * 93,32 0
165 8 31  2  0 0 0  18247 0 0  112  36 3 
5  0  1 0 31  0
0 0 
 b * * 93,32 0
478 22 31  2  0 0 0  18247 0 0  112  36 3 
1  0  1 1 15  0
0 2 
 i * * 93,32 0
467 35 31  1  0 0 0  18247 0 0  478  6 6 
0  0  2 95 31  0
0 0 
 b * * 93,32 0
477 21 31  2  0 0 0  18247 0 0  112  36 3 
1  0  1 1 15  0
0 2 
 i * * 93,32 0
308 29 31  1  0 0 0  18247 0 0  477  6 6 
0  0  2 95 31  0
0 0 
 * Uusikaupunki * 94,49 0
26 43 31  20  0 0 0  1542 8 0  -1  469 200 
0  0  1 0 31  1
0 0 0 0 0 0 1 0 0 0 0 0 0 0 0 0 0 0 0 0 0 0 0 0 0 0 
  * 1 0
  0 0    4 1 31 83,68
0 0 
 @ Hyannis*Port * 63,31 0
115 4 31  40  0 0 0  257 22 0  -1  900 400 
0  0  1 0 31  0
0 0 
 * Fort*Washakie * 83,68 0
58 44 31  20  0 0 0  0 1 2  -1  471 200 
0  0  1 0 31  1
1 0 0 0 0 0 2 0 0 0 0 0 0 0 0 0 0 0 0 0 0 0 0 0 0 0 
  * 1 0
  0 0    2 100 31 
  * 1 0
  0 0    15 1 31 
0 0 
 i * * 83,68 0
492 45 31  1  0 0 0  18247 0 0  58  6 6 
0  0  2 97 31  0
0 0 
 i * * 83,68 0
475 38 31  1  0 0 0  18247 0 0  58  6 6 
0  0  2 93 31  0
0 0 
 * Chundzha * 95,30 0
71 52 31  20  0 0 0  0 3 1  -1  500 200 
0  0  1 0 31  0
0 0 
 i * * 95,30 0
504 49 31  1  0 0 0  18247 0 0  71  6 6 
0  0  2 99 31  0
0 0 
 * Alice*Springs * 95,28 0
49 51 31  20  0 0 0  1542 13 0  -1  500 200 
0  0  1 0 31  0
0 0 
 @ Fawkham*Green * 94,27 0
113 5 31  40  0 0 0  257 23 0  -1  900 400 
0  0  1 0 31  0
0 0 
 * Grimsley * 87,65 0
72 41 31  20  0 0 0  1542 7 0  -1  500 200 
0  0  1 0 31  1
0 0 0 0 0 0 1 0 0 0 0 0 0 0 0 0 0 0 0 0 0 0 0 0 0 0 
  * 1 0
  0 0    4 1 31 83,68
0 0 
 * Rural*Hall * 51,41 0
69 17 31  20  0 0 0  0 4 8  -1  500 200 
0  0  1 0 31  1
1 0 0 0 0 0 2 0 0 0 0 0 0 0 0 0 0 0 0 0 0 0 0 0 0 0 
  * 1 0
  0 0    2 100 31 
  * 1 0
  0 0    15 1 31 
0 0 
 b * * 51,41 0
501 28 31  2  0 0 0  18247 0 0  69  36 3 
0  0  15 1 31  0
0 1 
 i * * 51,41 0
152 11 31  1  0 0 0  18247 0 0  69  6 6 
0  0  2 72 31  0
0 0 
 i * * 51,41 0
161 14 31  1  0 0 0  18247 0 0  69  6 6 
0  0  2 76 31  0
0 0 
 i * * 51,41 0
174 19 31  1  0 0 0  18247 0 0  69  6 6 
0  0  2 80 31  0
0 0 
 i * * 51,41 0
183 25 31  1  0 0 0  18247 0 0  69  6 6 
0  0  2 84 31  0
0 0 
 i * * 51,41 0
311 31 31  1  0 0 0  18247 0 0  69  6 6 
0  0  2 88 31  0
0 0 
 i * * 51,41 0
489 44 31  1  0 0 0  18247 0 0  69  6 6 
0  0  2 96 31  0
0 0 
 i * * 51,41 0
512 53 31  1  0 0 0  18247 0 0  69  6 6 
0  0  2 100 31  0
0 0 
 * Muttontown * 96,26 0
102 56 31  20  0 0 0  0 1 0  -1  500 200 
0  0  1 0 31  0
0 0 
 * Bor * 81,72 0
17 36 31  20  0 0 0  1542 2 0  -1  500 200 
0  0  1 0 31  1
0 0 0 0 0 0 1 0 0 0 0 0 0 0 0 0 0 0 0 0 0 0 0 0 0 0 
  * 1 0
  0 0    4 1 31 83,68
0 0 
 b * * 41,50 0
318 16 31  2  0 0 0  18247 0 0  -1  12 3 
2  0  13 94 8  0
0 6 
 i * * 41,50 0
317 32 31  1  0 0 0  18247 0 0  318  2 6 
0  0  2 93 31  0
0 0 
 * Fort*Recovery * 52,38 0
88 29 31  20  0 0 0  1542 11 1  -1  500 200 
0  0  1 0 31  1
0 0 0 0 0 0 1 0 0 0 0 0 0 0 0 0 0 0 0 0 0 0 0 0 0 0 
  * 1 0
  0 0    4 1 31 58,38
0 0 
 * Grokgak * 98,24 0
87 57 31  20  0 0 0  0 2 0  -1  500 200 
0  0  1 0 31  0
0 0 
 * Metalton * 99,30 0
98 38 31  20  0 0 0  1542 6 0  -1  500 200 
0  0  1 0 31  1
0 0 0 0 0 0 1 0 0 0 0 0 0 0 0 0 0 0 0 0 0 0 0 0 0 0 
  * 1 0
  0 0    4 1 31 90,41
0 0 
 * Grundy*Center * 49,90 0
68 21 31  20  0 0 0  514 4 3  -1  500 200 
0  0  1 0 31  1
0 0 1 0 0 0 0 0 0 0 0 0 0 0 0 6 0 0 0 0 0 0 0 0 0 0 
  * 1 0
  0 0    2 100 31 
  * 1 0
  0 0    15 1 31 
  * 1 0
  0 0    4 1 31 59,82
0 0 
 a * * 49,90 0
493 15 31  1  0 0 0  18247 0 0  68  10 4 
0  0  2 97 31  0
0 0 
 a * * 49,90 0
178 4 31  1  0 0 0  18247 0 0  68  10 4 
0  0  2 83 31  0
0 0 
 a * * 49,90 0
320 9 31  1  0 0 0  18247 0 0  68  10 4 
0  0  2 91 31  0
0 0 
 * Yadkinville * 44,44 0
16 23 31  20  0 0 0  1542 7 1  -1  493 200 
0  0  1 0 31  1
0 0 0 0 0 0 1 0 0 0 0 0 0 0 0 0 0 0 0 0 0 0 0 0 0 0 
  * 1 0
  0 0    4 1 31 51,41
0 0 
 b * * 44,44 0
315 14 31  2  0 0 0  18247 0 0  16  36 3 
0  0  1 1 15  0
0 3 
 b * * 49,39 0
505 29 31  2  0 0 0  18247 0 0  -1  30 3 
0  0  4 1 31 51,41 0
0 6 
 * Pocklington * 46,91 0
63 22 31  20  0 0 0  514 5 3  -1  498 200 
0  0  1 0 31  1
0 0 1 0 0 0 0 0 0 0 0 0 0 0 0 6 0 0 0 0 0 0 0 0 0 0 
  * 1 0
  0 0    2 100 31 
  * 1 0
  0 0    15 1 31 
  * 1 0
  0 0    4 1 31 49,90
0 0 
 a * * 46,91 0
464 10 31  1  0 0 0  18247 0 0  63  10 4 
0  0  2 91 31  0
0 0 
 a * * 46,91 0
184 5 31  1  0 0 0  18247 0 0  63  10 4 
0  0  2 84 31  0
0 0 
 a * * 46,91 0
500 16 31  1  0 0 0  18247 0 0  63  10 4 
0  0  2 98 31  0
0 0 
 G * * 46,91 0
468 1 31  2  0 0 0  18247 0 0  63  50 0 
4  0  15 1 31  0
0 2 
 a * * 46,91 0
186 6 31  1  0 0 0  18247 0 0  468  10 4 
0  0  2 94 31  0
0 0 
 a * * 46,91 0
167 1 31  1  0 0 0  18247 0 0  468  10 4 
0  0  2 94 31  0
0 0 
 a * * 46,91 0
469 11 31  1  0 0 0  18247 0 0  468  10 4 
0  0  2 94 31  0
0 0 
 b * * 79,78 0
158 6 31  2  0 0 0  18247 0 0  -1  30 3 
0  0  4 1 15 78,80 0
0 6 
 i * * 79,78 0
160 13 31  1  0 0 0  18247 0 0  158  5 6 
0  0  2 94 31  0
0 0 
 B IR-B-01 * 93,65 0
461 1 31  8  0 0 0  18247 0 0  -1  234 40 
0  0  4 1 15 94,65 0
0 4 
 * Wewahitchka * 52,34 0
64 30 31  20  0 0 0  1542 13 1  -1  500 200 
0  0  1 0 31  1
0 0 0 0 0 0 1 0 0 0 0 0 0 0 0 0 0 0 0 0 0 0 0 0 0 0 
  * 1 0
  0 0    4 1 31 58,38
0 0 
 * Erdenheim * 2,23 0
100 60 31  20  0 0 0  1542 18 0  -1  500 200 
0  0  1 0 31  0
0 0 
 b * * 2,23 0
185 11 31  2  0 0 0  18247 0 0  100  36 3 
1  0  1 1 15  0
0 4 
 i * * 2,23 0
180 23 31  1  0 0 0  18247 0 0  100  6 6 
3  0  1 0 31  0
0 0 
 * Ferry*Farms * 67,20 0
83 55 31  20  0 0 0  0 4 1  -1  485 196 
0  0  1 0 31  0
0 0 
 i * * 67,20 0
513 54 31  1  0 0 0  18247 0 0  83  6 6 
0  0  1 0 31  0
0 0 
 * Bunianga * 3,51 0
85 53 31  20  0 0 0  1542 15 0  -1  469 200 
0  0  1 0 31  1
0 0 0 0 0 0 1 0 0 0 0 0 0 0 0 0 0 0 0 0 0 0 0 0 0 0 
  * 1 0
  0 0    4 1 31 83,68
0 0 
 b * * 3,51 0
153 4 31  2  0 0 0  18247 0 0  85  36 3 
3  0  13 93 8  0
0 1 
 i * * 3,51 0
151 10 31  1  0 0 0  18247 0 0  153  6 6 
3  0  2 92 31  0
0 0 
 * Turkey*Flat * 50,35 0
29 31 31  20  0 0 0  1542 14 1  -1  500 200 
0  0  1 0 31  1
0 0 0 0 0 0 1 0 0 0 0 0 0 0 0 0 0 0 0 0 0 0 0 0 0 0 
  * 1 0
  0 0    4 1 31 51,41
0 0 
 b * * 32,52 0
481 23 31  2  0 0 0  18247 0 0  -1  24 3 
4  0  4 1 15 24,56 0
0 6 
 i * * 32,52 0
482 40 31  1  0 0 0  18247 0 0  481  5 6 
0  0  2 95 31  0
0 0 
 @ Ronkonkoma * 4,25 0
109 6 31  40  0 0 0  257 23 0  -1  900 400 
0  0  1 0 31  0
0 0 
 * High*Shoals * 49,95 0
20 40 31  20  0 0 0  514 3 1  -1  500 200 
0  0  1 0 31  1
0 0 1 0 0 0 0 0 0 0 0 0 0 0 0 6 0 0 0 0 0 0 0 0 0 0 
  * 1 0
  0 0    2 100 31 
  * 1 0
  0 0    15 1 31 
  * 1 0
  0 0    4 1 31 46,91
0 0 
 a * * 49,95 0
490 14 31  1  0 0 0  18247 0 0  20  10 4 
0  0  2 96 31  0
0 0 
 * Pforzheim * 5,26 0
38 46 31  20  0 0 0  1542 10 0  -1  500 200 
0  0  1 0 31  0
0 0 
 @ Buzzards*Bay * 37,96 0
108 7 31  40  0 0 0  257 14 0  -1  900 400 
0  0  1 0 31  0
0 0 
 * Vikna * 42,96 0
36 47 31  20  0 0 0  3855 19 0  -1  500 200 
0  0  1 0 31  1
0 0 0 0 0 0 0 0 0 0 0 0 0 0 0 1 0 0 0 0 0 0 0 0 0 0 
  * 1 0
  0 0    4 1 31 48,97
0 0 
 * Cogt-Ovoo * 49,33 0
14 34 31  20  0 0 0  1542 15 1  -1  500 200 
0  0  1 0 31  1
0 0 0 0 0 0 1 0 0 0 0 0 0 0 0 0 0 0 0 0 0 0 0 0 0 0 
  * 1 0
  0 0    4 1 31 51,41
0 0 
 * Morafenobe * 38,97 0
55 48 31  20  0 0 0  3855 16 0  -1  500 200 
0  0  1 0 31  1
0 0 0 0 0 0 0 0 0 0 0 0 0 0 0 1 0 0 0 0 0 0 0 0 0 0 
  * 1 0
  0 0    4 1 31 46,91
0 0 
 * Disputanta * 48,97 0
103 39 31  20  0 0 0  514 3 0  -1  500 200 
0  0  1 0 31  1
0 0 1 0 0 0 0 0 0 0 0 0 0 0 0 6 0 0 0 0 0 0 0 0 0 0 
  * 1 0
  0 0    2 100 31 
  * 1 0
  0 0    15 1 31 
  * 1 0
  0 0    4 1 31 49,95
0 0 
 b * * 68,95 0
314 13 31  2  0 0 0  18247 0 0  -1  18 3 
0  0  1 0 31  0
0 6 
 * Freewood*Acres * 25,93 0
84 58 31  20  0 0 0  3855 17 0  -1  500 200 
0  0  1 0 31  0
0 0 
 * Black*Earth * 68,96 0
96 62 31  20  0 0 0  514 7 0  -1  500 200 
0  0  1 0 31  0
0 0 
 i * * 68,96 0
307 28 31  1  0 0 0  18247 0 0  96  6 6 
0  0  1 0 31  0
0 0 
 b * * 23,89 0
136 3 31  2  0 0 0  18247 0 0  -1  30 3 
4  0  4 1 15 22,89 0
0 6 
 i * * 23,89 0
137 5 31  1  0 0 0  18247 0 0  136  6 6 
0  0  2 99 31  0
0 0 
 * Winooski * 53,24 0
23 42 31  20  0 0 0  1542 8 0  -1  487 200 
0  0  1 0 31  0
0 0 
 b * * 53,24 0
173 9 31  2  0 0 0  18247 0 0  23  36 3 
4  0  1 1 15  0
0 5 
 i * * 53,24 0
116 1 31  1  0 0 0  18247 0 0  173  6 6 
0  0  2 82 31  0
0 0 
 * Dresden * 12,47 0
33 63 31  20  0 0 0  1542 18 0  -1  500 200 
0  0  1 0 31  0
0 0 
 b * * 12,47 0
159 7 31  2  0 0 0  18247 0 0  33  36 3 
0  0  1 1 15  0
0 6 
 i * * 12,47 0
140 6 31  1  0 0 0  18247 0 0  33  6 6 
0  0  1 0 31  0
0 0 
 b * * 32,44 0
463 18 31  2  0 0 0  18247 0 0  -1  12 3 
1  0  13 94 8  0
0 6 
 i * * 32,44 0
472 37 31  1  0 0 0  18247 0 0  463  3 6 
0  0  2 93 31  0
0 0 
 b * * 38,38 0
155 5 31  2  0 0 0  18247 0 0  -1  24 3 
3  0  4 1 15 34,34 0
0 6 
 i * * 38,38 0
145 8 31  1  0 0 0  18247 0 0  155  4 6 
0  0  2 75 31  0
0 0 
 b * * 85,8 0
181 10 31  2  0 0 0  18247 0 0  -1  18 3 
1  0  1 1 15  0
0 6 
 i * * 85,8 0
302 26 31  1  0 0 0  18247 0 0  181  3 6 
0  0  2 97 31  0
0 0 
 W IR-W-01 * 81,92 0
163 1 31  1  0 0 0  18247 0 0  -1  17 0 
2  0  1 0 31  0
0 3 
 * Plankinton * 51,16 0
93 50 31  20  0 0 0  0 1 1  -1  500 200 
0  0  1 0 31  0
0 0 
 i * * 51,16 0
495 46 31  1  0 0 0  18247 0 0  93  6 6 
0  0  2 97 31  0
0 0 
 b * * 51,16 0
187 12 31  2  0 0 0  18247 0 0  93  36 3 
2  0  1 1 15  0
0 5 
 i * * 51,16 0
141 7 31  1  0 0 0  18247 0 0  187  6 6 
0  0  2 88 31  0
0 0 
 b * * 30,20 0
132 1 31  2  0 0 0  18247 0 0  -1  12 3 
4  0  1 0 31  0
0 6 
 i * * 30,20 0
126 2 31  1  0 0 0  18247 0 0  132  2 6 
1  0  2 99 31  0
0 0 
 i * * 25,18 0
130 4 31  1  0 0 0  5911 2 0  -1  3 6 
0  0  2 99 27  0
0 0 
 b * * 25,17 0
133 2 31  2  0 0 0  18247 0 0  -1  8 3 
5  0  2 3 27  0
0 0 
 / BU-/-12 * 16,11 1
164 12 31  10  0 0 0  18247 0 0  -1  100 100 
0  0  1 0 31  0
0 0 
 G * * 16,11 1
322 2 31  2  0 0 0  18247 0 0  164  37 0 
2  0  1 1 16  0
0 3 
 b * * 16,12 1
148 1 31  2  0 0 0  18247 0 0  -1  17 3 
3  0  1 0 31  0
0 5 
 * Stanleytown * 16,10 1
70 5 31  20  0 0 0  1028 4 2  -1  500 200 
0  0  1 0 31  0
0 0 
 f * * 16,10 1
135 3 31  1  0 0 0  18247 0 0  70  18 3 
2  0  1 0 31  0
0 4 
 i * * 16,10 1
117 1 31  1  0 0 0  18247 0 1  70  6 6 
4  0  1 0 31  0
0 0 
 / BU-/-10 * 17,10 1
143 10 31  10  0 0 0  18247 0 0  -1  200 100 
0  0  1 0 31  0
0 0 
 G * * 17,10 1
157 1 31  2  0 0 0  18247 0 0  143  50 0 
1  0  1 1 16  0
0 1 
 / BU-/-07 * 15,10 1
131 7 31  10  0 0 0  18247 0 0  -1  200 100 
0  0  1 0 31  0
0 0 
 / BU-/-08 * 18,10 1
139 8 31  10  0 0 0  18247 0 0  -1  199 100 
0  0  1 0 31  0
0 0 
 * Cloverport * 16,9 1
11 6 31  20  0 0 0  3855 19 0  -1  500 200 
0  0  1 0 31  0
0 0 
 a * * 16,9 1
476 2 31  1  0 0 0  18247 0 0  11  10 4 
0  0  1 0 31  0
0 0 
 a * * 16,9 1
515 3 31  1  0 0 0  18247 0 0  11  10 4 
0  0  1 0 31  0
0 0 
 b * * 13,12 1
306 2 31  2  0 0 0  18247 0 0  -1  30 3 
2  0  1 1 15  0
0 6 
 / BU-/-11 * 17,8 1
150 11 31  10  0 0 0  18247 0 0  -1  200 100 
0  0  1 0 31  0
0 0 
 / BU-/-13 * 18,8 1
321 13 31  10  0 0 0  18247 0 0  -1  98 55 
0  0  1 0 31  0
0 0 
 i * * 18,8 1
120 3 31  1  0 0 0  18247 0 1  321  6 6 
2  0  9 3 31  0
0 0 
 * Ouadda * 14,9 1
10 4 31  20  0 0 0  257 96 0  -1  500 200 
0  0  1 0 31  0
0 0 
 / BU-/-01 * 15,8 1
119 1 31  10  0 0 0  18247 0 0  -1  200 100 
0  0  1 0 31  0
0 0 
 T * * 15,8 1
138 1 31  1  0 0 0  18247 0 0  119  200 200 
1  0  3 1 31 1 0
0 1 
 / BU-/-09 * 16,7 1
142 9 31  10  0 0 0  18247 0 0  -1  200 100 
0  0  1 0 31  0
0 0 
 d * * 20,7 1
502 2 31  3  0 0 0  18247 0 0  -1  94 20 
0  0  1 1 15  0
0 3 
 d * * 11,15 1
312 1 31  3  0 0 0  18247 0 0  -1  69 20 
3  0  1 1 31  0
0 3 
 T * * 12,10 1
162 3 31  1  0 0 0  18247 0 0  -1  198 200 
4  0  1 0 31  0
0 0 
 / BU-/-02 * 14,8 1
121 2 31  10  0 0 0  18247 0 0  -1  200 100 
0  0  1 0 31  0
0 0 
 * Rimbo * 15,7 1
13 1 31  20  0 0 0  1542 19 0  -1  320 200 
0  0  1 0 31  0
0 0 
 r * * 15,7 1
514 2 31  1  0 0 0  18247 0 0  13  200 0 
0  0  1 0 31  0
0 0 
 @ Madadi * 16,6 1
8 1 1  40  0 0 0  1799 8 2  -1  900 400 
0  0  1 0 31  0
0 0 
 / BU-/-05 * 12,9 1
125 5 31  10  0 0 0  18247 0 0  -1  141 100 
0  0  1 0 31  0
0 0 
 f * * 12,9 1
127 2 31  1  0 0 0  18247 0 0  125  18 3 
1  0  1 1 31  0
0 4 
 * Gaastra * 13,8 1
9 2 31  20  0 0 0  3341 80 0  -1  500 200 
0  0  1 0 31  0
0 0 
 r * * 13,8 1
188 1 31  1  0 0 0  18247 0 0  9  200 0 
2  0  9 3 16  0
0 0 
 f * * 22,8 1
491 5 31  1  0 0 0  18247 0 0  -1  10 3 
4  0  1 0 31  0
0 8 
 / BU-/-04 * 14,7 1
124 4 31  10  0 0 0  18247 0 0  -1  200 100 
0  0  1 0 31  0
0 0 
 / BU-/-03 * 15,6 1
123 3 31  10  0 0 0  18247 0 0  -1  200 100 
0  0  1 0 31  0
0 0 
 T * * 15,6 1
146 2 31  1  0 0 0  18247 0 0  123  200 200 
3  0  1 0 31  0
0 0 
 f * * 15,6 1
122 1 31  1  0 0 0  18247 0 0  123  18 3 
1  0  1 1 0  0
0 1 
 / BU-/-06 * 13,7 1
128 6 31  10  0 0 0  18247 0 0  -1  200 100 
0  0  1 0 31  0
0 0 
 * Throop * 14,6 1
12 3 31  20  0 0 0  2056 18 0  -1  500 200 
0  0  1 0 31  0
0 0 
 f * * 14,6 1
313 4 31  1  0 0 0  18247 0 0  12  18 3 
0  0  1 1 31  0
0 8 
 h * * 14,6 1
144 1 31  1  0 0 0  18247 0 0  12  12 2 
1  0  9 2 16  0
0 0 
 i * * 14,6 1
118 2 31  1  0 0 0  18247 0 0  12  6 6 
3  0  1 0 31  0
0 0 
 @ Sappington * 7,18 1
110 2 31  40  0 0 0  0 4 1  -1  900 400 
0  0  1 0 31  0
0 0 
 h * * 7,18 1
154 2 31  1  0 0 0  18247 0 0  110  12 2 
1  0  1 1 16  0
0 1 
 h * * 7,18 1
170 3 31  1  0 0 0  18247 0 0  110  12 2 
0  0  1 1 16  0
0 4 
 i * * 7,18 1
516 4 31  1  0 0 0  18247 0 0  110  6 6 
0  0  1 0 31  0
0 0 
 t * * 25,9 1
134 1 31  3  0 0 0  18247 0 0  -1  181 20 
3  0  3 1 31 3 0
0 2 
 * Forks * 5,20 1
56 7 31  20  0 0 0  0 2 0  -1  500 200 
0  0  1 0 31  0
0 0 
 a * * 5,20 1
305 1 31  1  0 0 0  18247 0 0  56  10 4 
5  0  1 0 31  0
0 0 
 t * * 9,24 1
149 2 31  3  0 0 0  18247 0 0  -1  180 20 
0  0  1 0 31  0
0 1 
 