Xconq 1 +-++++ 
Uwe.per
5.5.1a (7/19/92)
Map 100 100 0 0 0
100_
3.10+6.=4+8.++..++..4+14.+,12+7.,++18.
3.10+=6.6+6.+3~3+,,8+17.9+5.++7.+=9.
..=12+=8.3+=5.~~..++..,3+.4+18.9+4.++6.3+8.
3.++^^7+%%,==6.3+=18.3+24.4+..4+5.++=8.
3.,+6^3+4%3=.%..5+=17.++27.+..4+5.3+8.
4.3+5^++%%=.=%..=.=9+~14.++30.4+4.,++8.
5.+8^4%=7.4+^^3+3~..3,..3,..+31.4+3.,++8.
5.++4^+3^5%6.%4+^^++3~3,~~3,4+35.3+..++8.
6.++4^++7%==,,3%^3+^^++..~..3,4.++35.10+,4.
7.++3^++13%4^+3^++,48.10+,3.
8.++3^++12%5^+3^++49.9+=3.
9.++^^3+3%.7%6^+3^++49.8+,3.
10.7+%=3.5%11^+50.6+=4.
11.7+,3.5%11^++50.5+5.
13.3+6.=4%10^4+16.++32.5+4.
23.4%11^3+17.3+31.++^+,3.
23.,,3%10^4+17.3+,29.++^^++2.
26.%%5^_4^+=..~16.4+29.++3^++1.
23.%3.%%9^+=..~~16.~4+27.3+3^2+
27.=%8^++4.~~18.4+26.++4^1+
+27.%%7^++5.3~18.4+24.++4^1+
+28.%+6^++7.~~10.~~6.3+%%21.3+4^1+
++14.,13.%+5^++8.3~7.3~8.=3%4.5%++8.4+5^
++13.=3%3.%8.3+^^++=9.4~4.4~9.3%4.6%++7.4+5^
++13.8%10.5+,10.5~.4~9.++%%4.4%^^%%.=5.4+5^
++12.10%10.4+13.7~8.~4+5.5%^^%%+,4.4+4^1+
3+11.10%12.++29.++7.5%^^%%++,3.4+3^2+
++,11.11%51.6%^^4+3.4+^^3+
++12.%%3^6%51.4%.%^^4+3.4+^4+
++,11.%%7^3%51.3%.=%^++^+=3.3+^4+
3+12.%%7^%%52.%%..%^4+=4.7+
3+13.%7^%%53.+3.5+,5.6+
3+14.%6^%%54.,..=4+6.6+
3+15.%%3^3%60.,+7.5+
++=16.%%^4%68.,..3+
+=18.6%72.2+
20.6%68.,4.1,
20.6%21.,46.,5.
11.+,7.=5%74.
11.3+7.6%73.
12.++=6.7%72.
13.3+=4.=7%35.,~34.
..4+7.=7+=.7%33.,4+32.
.,3~3+7.7+.=7%30.~~6+31.
..4~^++7.5+,..4%^^%%30.7+31.
..4~^++9.++5.3%3^%%29.8+30.
..4~^^++16.,%3^3%30.7+22.4~3.
3.3~^^~+18.6%32.~+^3+21.6~1.
4.~~3^~+18.=3%33.+~5+10.4+6.7~
~~3.~~^^~~+55.4+^^+8.7+4.7~
3~3.~~^3~54.~4+^^+~+6.8+3.7~
^^~~3.5~+51.3~3+^^4+6.9+~.4~3^
3^~~3.4~++51.~~5^5+5.9+7~2^
4^~4.4~+25.5+7.9+6.~~^8+5.3+7^6~2^
5^~4.3~24.9+=5.10+4.,10+5.++9^6~1^
~5^~29.=++5^4+=3.13+..9+=5.++10^6~
3~3^~~,27.3+6^5+..7+3^5+,6+%%,5.%%11^5~
9~27.3+6^13+5^12+%,5.%%+9^6~
7~4.~~23.++8^7+,4+6^5+..4+%6.3%++7^6~
12.3~21.++11^4+..4+5^5+13.3%4+6^4~1.
13.,~~21.+11^4+3.4+5^4+14.3%5+5^+~2.
15.~~19.3%10^4+4.12+14.=3%6+4^+2.
17.,18.3%10^4+5.10+13.8%5+3^+2.
36.4%9^4+9.,.,,16.8%4+3^++1.
36.5%5^7+31.=6%4+3^+1.
37.5%4^7+33.6%3+3^+1.
26.=4%=6.5%^^%%6+35.5%++3^2+
+24.=+7%5.,8%5+5.9+22.4%++3^2+
3+22.=+8%7.,=%%,11.10+5.,17.%%3+^^2+
4+21.,+9%22.7+4~4.+18.=++^^3+
5+21.+%%=7%21.4+8~3.,20.++^^2+
5+21.+%=..,6%10.3,7.3+3~^^7~,20.++3^1+
^5+20.+%=4.%%=%%=6.7%+5.3+6^7~19.=3+3^
^5+21.=%8.=%6.8%+4.3+6^6~21.,3+2^
3+^3+12.=++=22.8%++4.++~6^6~23.3+
3+3^++11.5+%20.,%%++3%3+3.,+~6^6~24.,1+
4+3^++11.5+%%19.%%3+%%4+3.,~~5^6~25.1,
+4%+^^++14.+3%=17.%%9+=4.~~5^5~26.
5%5+14.,+4%16.=%10+5.~~3^6~26.
6%5+14.+5%16.9+,7.10~26.
7%4+13.,+6%16.7+10.,5~29.
8%+==14.+6%17.5+=45.
8%18.+6%17.4+46.
+7%=17.,6%18.=+47.
+8%18.,5%,66.
.+7%20.5%66.
..=3%..,,5.,+12.,4%66.
11.,3.3+12.4%,65.
+10.%7+12.3%,65.
++10.%6+14.,65.1+
++10.=6+77.3~1+
++11.%5+74.6~1+
++12.3+=76.3~3+
++92.6+
++93.5+
++94.4+
++96.,1+
++97.1+
100_
Globals 15 1000 1 0 0 0 0
Sides 2 4 0
Iranian
0  0 -100  2 1 1 1 1 1 1 1 1 1 1 1 1 1 1 1 1 1 1 1 1 1 1 1 5 2 
?100
?100
?100
?100
?100
?100
?100
?100
?100
?100
?100
?100
?100
?100
?100
?100
?100
?100
?100
?100
?100
?100
?100
?100
?100
?100
?100
?100
?100
?100
?100
?100
?100
?100
?100
?100
?100
?100
?100
?100
?100
?100
?100
?100
?100
?100
?100
?100
?100
?100
?69.3?28
?68.1i0.2?28
?68.4?28
?66.5?29
?65.1*0*0.2?30
?65.1*0.1*0.1?30
?65.1@0.2?31
?65.2?33
?100
?100
?100
?100
?100
?100
?100
?100
?100
?100
?100
?100
?100
?100
?100
?100
?100
?100
?100
?100
?100
?100
?100
?100
?100
?100
?100
?100
?100
?100
?100
?100
?100
?100
?100
?100
?100
?100
?100
?100
?100
?100
1 * :0.0 0 42 0
0 1 0 0 0 0 0 0 0 0 0 0 0 0 
0 0 0 0 0 0 0 0 0 0 0 0 0 0 0 0 0 0 0 0 0 0 0 0 8 0 
0 0 0 0 0 0 0 0 0 0 0 0 0 0 0 0 0 0 0 0 0 0 0 0 4 0 
0 0 0 0 0 0 0 0 0 0 0 0 0 0 
0 0 0 0 0 0 0 0 0 0 0 0 0 0 0 0 0 0 0 0 0 0 0 0 0 0 
0 0 0 0 0 0 0 0 0 0 0 0 0 0 0 0 0 0 0 0 0 0 0 0 0 0 
0 0 0 0 0 0 0 0 0 0 0 0 0 0 
0 0 0 0 0 0 0 0 0 0 0 0 0 0 0 0 0 0 0 0 0 0 0 0 0 0 
0 0 0 0 0 0 0 0 0 0 0 0 0 0 0 0 0 0 0 0 0 0 0 0 0 0 
0 0 0 0 0 0 0 0 0 0 0 0 0 0 
0 0 0 0 0 0 0 0 0 0 0 0 0 0 0 0 0 0 0 0 0 0 0 0 0 0 
0 0 0 0 0 0 0 0 0 0 0 0 0 0 0 0 0 0 0 0 0 0 0 0 0 0 
0 0 0 0 0 0 0 0 0 0 0 0 0 0 
0 0 0 0 0 0 0 0 0 0 0 0 0 0 0 0 0 0 0 0 0 0 0 0 0 0 
0 0 0 0 0 0 0 0 0 0 0 0 0 0 0 0 0 0 0 0 0 0 0 0 0 0 
0 0 0 0 0 0 0 0 0 0 0 0 0 0 
0 0 0 0 0 0 0 0 0 0 0 0 0 0 0 0 0 0 0 0 0 0 0 0 0 0 
0 0 0 0 0 0 0 0 0 0 0 0 0 0 0 0 0 0 0 0 0 0 0 0 0 0 
0 0 0 0 0 0 0 0 0 0 0 0 0 0 
0 0 0 0 0 0 0 0 0 0 0 0 0 0 0 0 0 0 0 0 0 0 0 0 0 0 
0 0 0 0 0 0 0 0 0 0 0 0 0 0 0 0 0 0 0 0 0 0 0 0 0 0 
0 0 0 0 0 0 0 0 0 0 0 0 0 0 
0 0 0 0 0 0 0 0 0 0 0 0 0 0 0 0 0 0 0 0 0 0 0 0 0 0 
0 0 0 0 0 0 0 0 0 0 0 0 0 0 0 0 0 0 0 0 0 0 0 0 0 0 
0 0 0 0 0 0 0 0 0 0 0 0 0 0 
0 0 0 0 0 0 0 0 0 0 0 0 0 0 0 0 0 0 0 0 0 0 0 0 0 0 
0 0 0 0 0 0 0 0 0 0 0 0 0 0 0 0 0 0 0 0 0 0 0 0 0 0 
0 0 0 0 0 0 0 0 0 0 0 0 0 0 
0 0 0 0 0 0 0 0 0 0 0 0 0 0 0 0 0 0 0 0 0 0 0 0 0 0 
0 0 0 0 0 0 0 0 0 0 0 0 0 0 0 0 0 0 0 0 0 0 0 0 0 0 
0 0 0 0 0 0 0 0 0 0 0 0 0 0 
0 0 0 0 0 0 0 0 0 0 0 0 0 0 0 0 0 0 0 0 0 0 0 0 0 0 
0 0 0 0 0 0 0 0 0 0 0 0 0 0 0 0 0 0 0 0 0 0 0 0 0 0 
0 0 0 0 0 0 0 0 0 0 0 0 0 0 
0 0 0 0 0 0 0 0 0 0 0 0 0 0 0 0 0 0 0 0 0 0 0 0 0 0 
0 0 0 0 0 0 0 0 0 0 0 0 0 0 0 0 0 0 0 0 0 0 0 0 0 0 
0 0 0 0 0 0 0 0 0 0 0 0 0 0 
0 0 0 0 0 0 0 0 0 0 0 0 0 0 0 0 0 0 0 0 0 0 0 0 0 0 
0 0 0 0 0 0 0 0 0 0 0 0 0 0 0 0 0 0 0 0 0 0 0 0 0 0 
0 0 0 0 0 0 0 0 0 0 0 0 0 0 
0 0 0 0 0 0 0 0 0 0 0 0 0 0 0 0 0 0 0 0 0 0 0 0 0 0 
0 0 0 0 0 0 0 0 0 0 0 0 0 0 0 0 0 0 0 0 0 0 0 0 0 0 
0 0 0 0 0 0 0 0 0 0 0 0 0 0 
0 0 0 0 0 0 0 0 0 0 0 0 0 0 0 0 0 0 0 0 0 0 0 0 0 0 
0 0 0 0 0 0 0 0 0 0 0 0 0 0 0 0 0 0 0 0 0 0 0 0 0 0 
0 0 0 0 0 0 0 0 0 0 0 0 0 0 
0 0 0 0 0 0 0 0 0 0 0 0 0 0 0 0 0 0 0 0 0 0 0 0 0 0 
0 0 0 0 0 0 0 0 0 0 0 0 0 0 0 0 0 0 0 0 0 0 0 0 0 0 
0 0 0 0 0 0 0 0 0 0 0 0 0 0 
0 0 0 0 0 0 0 0 0 0 0 0 0 0 0 0 0 0 0 0 0 0 0 0 0 0 
0 0 0 0 0 0 0 0 0 0 0 0 0 0 0 0 0 0 0 0 0 0 0 0 0 0 
0 0 0 0 0 0 0 0 0 0 0 0 0 0 
0 0 0 0 0 0 0 0 0 0 0 0 0 0 0 0 0 0 0 0 0 0 0 0 0 0 
0 0 0 0 0 0 0 0 0 0 0 0 0 0 0 0 0 0 0 0 0 0 0 0 0 0 
0 0 0 0 0 0 0 0 0 0 0 0 0 0 
0 0 0 0 0 0 0 0 0 0 0 0 0 0 0 0 0 0 0 0 0 0 0 0 0 0 
0 0 0 0 0 0 0 0 0 0 0 0 0 0 0 0 0 0 0 0 0 0 0 0 0 0 
0 0 0 0 0 0 0 0 0 0 0 0 0 0 
0 0 0 0 0 0 0 0 0 0 0 0 0 0 0 0 0 0 0 0 0 0 0 0 0 0 
0 0 0 0 0 0 0 0 0 0 0 0 0 0 0 0 0 0 0 0 0 0 0 0 0 0 
0 0 0 0 0 0 0 0 0 0 0 0 0 0 
0 0 0 0 0 0 0 0 0 0 0 0 0 0 0 0 0 0 0 0 0 0 0 0 0 0 
0 0 0 0 0 0 0 0 0 0 0 0 0 0 0 0 0 0 0 0 0 0 0 0 0 0 
0 0 0 0 0 0 0 0 0 0 0 0 0 0 
0 0 0 0 0 0 0 0 0 0 0 0 0 0 0 0 0 0 0 0 0 0 0 0 0 0 
0 0 0 0 0 0 0 0 0 0 0 0 0 0 0 0 0 0 0 0 0 0 0 0 0 0 
0 0 0 0 0 0 0 0 0 0 0 0 0 0 
0 0 0 0 0 0 0 0 0 0 0 0 0 0 0 0 0 0 0 0 0 0 0 0 0 0 
0 0 0 0 0 0 0 0 0 0 0 0 0 0 0 0 0 0 0 0 0 0 0 0 0 0 
0 0 0 0 0 0 0 0 0 0 0 0 0 0 
0 0 0 0 0 0 0 0 0 0 0 0 0 0 0 0 0 0 0 0 0 0 0 0 0 0 
0 0 0 0 0 0 0 0 0 0 0 0 0 0 0 0 0 0 0 0 0 0 0 0 0 0 
0 0 4 0 0 0 0 0 0 0 0 0 0 0 
0 0 0 0 0 0 0 0 0 0 0 0 0 0 0 0 0 0 0 0 0 0 0 0 0 0 
0 0 0 0 0 0 0 0 0 0 0 0 0 0 0 0 0 0 0 0 0 0 0 0 0 0 
1 0 0 0 0 0 0 0 0 0 0 0 0 0 
0 0 0 0 0 0 0 0 0 0 0 0 0 0 0 0 0 0 0 0 0 0 0 0 0 0 
0 0 0 0 0 0 0 0 0 0 0 0 0 0 0 0 0 0 0 0 0 0 0 0 0 0 
Burmese
0  -100 0  4 1 1 1 1 1 1 1 1 1 1 1 1 1 1 1 1 1 1 1 1 1 1 2 2 2 
?100
?100
?100
?100
?100
?16.2?82
?15.1@1.1?82
?14.1*1.1?83
?13*Oi1/1.1?83
?13.1*O.1?84
?100
?100
?100
?100
?100
?100
?100
?100
?100
?100
?100
?100
?100
?100
?100
?100
?100
?100
?100
?100
?100
?100
?100
?100
?100
?100
?100
?100
?100
?100
?100
?100
?100
?100
?100
?100
?100
?100
?100
?100
?100
?100
?100
?100
?100
?100
?100
?100
?100
?100
?100
?100
?100
?100
?100
?100
?100
?100
?100
?100
?100
?100
?100
?100
?100
?100
?100
?100
?100
?100
?100
?100
?100
?100
?100
?100
?100
?100
?100
?100
?100
?100
?100
?100
?100
?100
?100
?100
?100
?100
0 * * 0 0 0
0 3 0 0 0 0 0 0 0 0 0 0 0 0 
0 0 0 0 0 0 0 0 0 0 0 0 0 0 0 0 0 0 0 0 0 0 0 0 2 0 
0 0 0 0 0 0 0 0 0 0 0 0 0 0 0 0 0 0 0 0 0 0 0 0 1 0 
0 0 0 0 0 0 0 0 0 0 0 0 0 0 
0 0 0 0 0 0 0 0 0 0 0 0 0 0 0 0 0 0 0 0 0 0 0 0 0 0 
0 0 0 0 0 0 0 0 0 0 0 0 0 0 0 0 0 0 0 0 0 0 0 0 0 0 
0 0 0 0 0 0 0 0 0 0 0 0 0 0 
0 0 0 0 0 0 0 0 0 0 0 0 0 0 0 0 0 0 0 0 0 0 0 0 0 0 
0 0 0 0 0 0 0 0 0 0 0 0 0 0 0 0 0 0 0 0 0 0 0 0 0 0 
0 0 0 0 0 0 0 0 0 0 0 0 0 0 
0 0 0 0 0 0 0 0 0 0 0 0 0 0 0 0 0 0 0 0 0 0 0 0 0 0 
0 0 0 0 0 0 0 0 0 0 0 0 0 0 0 0 0 0 0 0 0 0 0 0 0 0 
0 0 0 0 0 0 0 0 0 0 0 0 0 0 
0 0 0 0 0 0 0 0 0 0 0 0 0 0 0 0 0 0 0 0 0 0 0 0 0 0 
0 0 0 0 0 0 0 0 0 0 0 0 0 0 0 0 0 0 0 0 0 0 0 0 0 0 
0 0 0 0 0 0 0 0 0 0 0 0 0 0 
0 0 0 0 0 0 0 0 0 0 0 0 0 0 0 0 0 0 0 0 0 0 0 0 0 0 
0 0 0 0 0 0 0 0 0 0 0 0 0 0 0 0 0 0 0 0 0 0 0 0 0 0 
0 0 0 0 0 0 0 0 0 0 0 0 0 0 
0 0 0 0 0 0 0 0 0 0 0 0 0 0 0 0 0 0 0 0 0 0 0 0 0 0 
0 0 0 0 0 0 0 0 0 0 0 0 0 0 0 0 0 0 0 0 0 0 0 0 0 0 
0 0 0 0 0 0 0 0 0 0 0 0 0 0 
0 0 0 0 0 0 0 0 0 0 0 0 0 0 0 0 0 0 0 0 0 0 0 0 0 0 
0 0 0 0 0 0 0 0 0 0 0 0 0 0 0 0 0 0 0 0 0 0 0 0 0 0 
0 0 0 0 0 0 0 0 0 0 0 0 0 0 
0 0 0 0 0 0 0 0 0 0 0 0 0 0 0 0 0 0 0 0 0 0 0 0 0 0 
0 0 0 0 0 0 0 0 0 0 0 0 0 0 0 0 0 0 0 0 0 0 0 0 0 0 
0 0 0 0 0 0 0 0 0 0 0 0 0 0 
0 0 0 0 0 0 0 0 0 0 0 0 0 0 0 0 0 0 0 0 0 0 0 0 0 0 
0 0 0 0 0 0 0 0 0 0 0 0 0 0 0 0 0 0 0 0 0 0 0 0 0 0 
0 0 0 0 0 0 0 0 0 0 0 0 0 0 
0 0 0 0 0 0 0 0 0 0 0 0 0 0 0 0 0 0 0 0 0 0 0 0 0 0 
0 0 0 0 0 0 0 0 0 0 0 0 0 0 0 0 0 0 0 0 0 0 0 0 0 0 
0 0 0 0 0 0 0 0 0 0 0 0 0 0 
0 0 0 0 0 0 0 0 0 0 0 0 0 0 0 0 0 0 0 0 0 0 0 0 0 0 
0 0 0 0 0 0 0 0 0 0 0 0 0 0 0 0 0 0 0 0 0 0 0 0 0 0 
0 0 0 0 0 0 0 0 0 0 0 0 0 0 
0 0 0 0 0 0 0 0 0 0 0 0 0 0 0 0 0 0 0 0 0 0 0 0 0 0 
0 0 0 0 0 0 0 0 0 0 0 0 0 0 0 0 0 0 0 0 0 0 0 0 0 0 
0 0 0 0 0 0 0 0 0 0 0 0 0 0 
0 0 0 0 0 0 0 0 0 0 0 0 0 0 0 0 0 0 0 0 0 0 0 0 0 0 
0 0 0 0 0 0 0 0 0 0 0 0 0 0 0 0 0 0 0 0 0 0 0 0 0 0 
0 0 0 0 0 0 0 0 0 0 0 0 0 0 
0 0 0 0 0 0 0 0 0 0 0 0 0 0 0 0 0 0 0 0 0 0 0 0 0 0 
0 0 0 0 0 0 0 0 0 0 0 0 0 0 0 0 0 0 0 0 0 0 0 0 0 0 
0 0 0 0 0 0 0 0 0 0 0 0 0 0 
0 0 0 0 0 0 0 0 0 0 0 0 0 0 0 0 0 0 0 0 0 0 0 0 0 0 
0 0 0 0 0 0 0 0 0 0 0 0 0 0 0 0 0 0 0 0 0 0 0 0 0 0 
0 0 0 0 0 0 0 0 0 0 0 0 0 0 
0 0 0 0 0 0 0 0 0 0 0 0 0 0 0 0 0 0 0 0 0 0 0 0 0 0 
0 0 0 0 0 0 0 0 0 0 0 0 0 0 0 0 0 0 0 0 0 0 0 0 0 0 
0 0 0 0 0 0 0 0 0 0 0 0 0 0 
0 0 0 0 0 0 0 0 0 0 0 0 0 0 0 0 0 0 0 0 0 0 0 0 0 0 
0 0 0 0 0 0 0 0 0 0 0 0 0 0 0 0 0 0 0 0 0 0 0 0 0 0 
0 0 0 0 0 0 0 0 0 0 0 0 0 0 
0 0 0 0 0 0 0 0 0 0 0 0 0 0 0 0 0 0 0 0 0 0 0 0 0 0 
0 0 0 0 0 0 0 0 0 0 0 0 0 0 0 0 0 0 0 0 0 0 0 0 0 0 
0 0 0 0 0 0 0 0 0 0 0 0 0 0 
0 0 0 0 0 0 0 0 0 0 0 0 0 0 0 0 0 0 0 0 0 0 0 0 0 0 
0 0 0 0 0 0 0 0 0 0 0 0 0 0 0 0 0 0 0 0 0 0 0 0 0 0 
0 0 0 0 0 0 0 0 0 0 0 0 0 0 
0 0 0 0 0 0 0 0 0 0 0 0 0 0 0 0 0 0 0 0 0 0 0 0 0 0 
0 0 0 0 0 0 0 0 0 0 0 0 0 0 0 0 0 0 0 0 0 0 0 0 0 0 
0 0 0 0 0 0 0 0 0 0 0 0 0 0 
0 0 0 0 0 0 0 0 0 0 0 0 0 0 0 0 0 0 0 0 0 0 0 0 0 0 
0 0 0 0 0 0 0 0 0 0 0 0 0 0 0 0 0 0 0 0 0 0 0 0 0 0 
0 0 0 0 0 0 0 0 0 0 0 0 0 0 
0 0 0 0 0 0 0 0 0 0 0 0 0 0 0 0 0 0 0 0 0 0 0 0 0 0 
0 0 0 0 0 0 0 0 0 0 0 0 0 0 0 0 0 0 0 0 0 0 0 0 0 0 
0 1 0 0 0 0 0 0 0 0 0 0 0 0 
0 0 0 0 0 0 0 0 0 0 0 0 0 0 0 0 0 0 0 0 0 0 0 0 0 0 
0 0 0 0 0 0 0 0 0 0 0 0 0 0 0 0 0 0 0 0 0 0 0 0 0 0 
0 0 1 0 0 0 0 0 0 0 0 0 0 0 
0 0 0 0 0 0 0 0 0 0 0 0 0 0 0 0 0 0 0 0 0 0 0 0 0 0 
0 0 0 0 0 0 0 0 0 0 0 0 0 0 0 0 0 0 0 0 0 0 0 0 0 0 
1 0 0 0 0 0 0 0 0 0 0 0 0 0 
0 0 0 0 0 0 0 0 0 0 0 0 0 0 0 0 0 0 0 0 0 0 0 0 0 0 
0 0 0 0 0 0 0 0 0 0 0 0 0 0 0 0 0 0 0 0 0 0 0 0 0 0 
Units 119 4 0
@ Hyannis*Port * 63,31 31
115 0 31  40  0 0 0  18247 0 0  -1  900 400 
0  0  1 0 31  0
0 0 
 @ Estiffanulga * 99,73 31
114 0 31  40  0 0 0  18247 0 0  -1  900 400 
0  0  1 0 31  0
0 0 
 @ Fawkham*Green * 94,27 31
113 0 31  40  0 0 0  18247 0 0  -1  900 400 
0  0  1 0 31  0
0 0 
 @ Samarkand * 93,32 31
112 0 31  40  0 0 0  18247 0 0  -1  900 400 
0  0  1 0 31  0
0 0 
 @ Mungaoli * 98,5 31
111 0 31  40  0 0 0  18247 0 0  -1  900 400 
0  0  1 0 31  0
0 0 
 @ Sappington * 7,18 31
110 0 31  40  0 0 0  18247 0 0  -1  900 400 
0  0  1 0 31  0
0 0 
 @ Ronkonkoma * 4,25 31
109 0 31  40  0 0 0  18247 0 0  -1  900 400 
0  0  1 0 31  0
0 0 
 @ Buzzards*Bay * 37,96 31
108 0 31  40  0 0 0  18247 0 0  -1  900 400 
0  0  1 0 31  0
0 0 
 @ Tongobory * 38,83 31
107 0 31  40  0 0 0  18247 0 0  -1  900 400 
0  0  1 0 31  0
0 0 
 @ Picayune * 57,44 31
106 0 31  40  0 0 0  18247 0 0  -1  900 400 
0  0  1 0 31  0
0 0 
 @ Herbertabad * 62,81 31
105 0 31  40  0 0 0  18247 0 0  -1  900 400 
0  0  1 0 31  0
0 0 
 @ Wye * 72,97 31
104 0 31  40  0 0 0  18247 0 0  -1  900 400 
0  0  1 0 31  0
0 0 
 * Disputanta * 48,97 31
103 0 31  20  0 0 0  18247 0 0  -1  500 200 
0  0  1 0 31  0
0 0 
 * Muttontown * 96,26 31
102 0 31  20  0 0 0  18247 0 0  -1  500 200 
0  0  1 0 31  0
0 0 
 * Thot-not * 58,38 31
101 0 31  20  0 0 0  18247 0 0  -1  500 200 
0  0  1 0 31  0
0 0 
 * Erdenheim * 2,23 31
100 0 31  20  0 0 0  18247 0 0  -1  500 200 
0  0  1 0 31  0
0 0 
 * Tillamook * 0,19 31
99 0 31  20  0 0 0  18247 0 0  -1  500 200 
0  0  1 0 31  0
0 0 
 * Metalton * 99,30 31
98 0 31  20  0 0 0  18247 0 0  -1  500 200 
0  0  1 0 31  0
0 0 
 * Bialy * 37,80 31
97 0 31  20  0 0 0  18247 0 0  -1  500 200 
0  0  1 0 31  0
0 0 
 * Black*Earth * 68,96 31
96 0 31  20  0 0 0  18247 0 0  -1  500 200 
0  0  1 0 31  0
0 0 
 * Tapiola * 73,44 31
95 0 31  20  0 0 0  18247 0 0  -1  500 200 
0  0  1 0 31  0
0 0 
 * North*Tolsta * 48,75 31
94 0 31  20  0 0 0  18247 0 0  -1  500 200 
0  0  1 0 31  0
0 0 
 * Plankinton * 51,16 31
93 0 31  20  0 0 0  18247 0 0  -1  500 200 
0  0  1 0 31  0
0 0 
 * Dooms * 0,63 31
92 0 31  20  0 0 0  18247 0 0  -1  500 200 
0  0  1 0 31  0
0 0 
 * Farafangana * 22,66 31
91 0 31  20  0 0 0  18247 0 0  -1  500 200 
0  0  1 0 31  0
0 0 
 * Llantwit*Major * 93,70 31
90 0 31  20  0 0 0  18247 0 0  -1  500 200 
0  0  1 0 31  0
0 0 
 * Hoosick*Falls * 61,38 31
89 0 31  20  0 0 0  18247 0 0  -1  500 200 
0  0  1 0 31  0
0 0 
 * Fort*Recovery * 52,38 31
88 0 31  20  0 0 0  18247 0 0  -1  500 200 
0  0  1 0 31  0
0 0 
 * Grokgak * 98,24 31
87 0 31  20  0 0 0  18247 0 0  -1  500 200 
0  0  1 0 31  0
0 0 
 * Joshua*Tree * 92,86 31
86 0 31  20  0 0 0  18247 0 0  -1  500 200 
0  0  1 0 31  0
0 0 
 * Bunianga * 3,51 31
85 0 31  20  0 0 0  18247 0 0  -1  500 200 
0  0  1 0 31  0
0 0 
 * Freewood*Acres * 25,93 31
84 0 31  20  0 0 0  18247 0 0  -1  500 200 
0  0  1 0 31  0
0 0 
 * Ferry*Farms * 67,20 31
83 0 31  20  0 0 0  18247 0 0  -1  500 200 
0  0  1 0 31  0
0 0 
 * New*Braunfels * 20,71 31
82 0 31  20  0 0 0  18247 0 0  -1  500 200 
0  0  1 0 31  0
0 0 
 * Naxos * 14,70 31
81 0 31  20  0 0 0  18247 0 0  -1  500 200 
0  0  1 0 31  0
0 0 
 * Gilroy * 89,47 31
80 0 31  20  0 0 0  18247 0 0  -1  500 200 
0  0  1 0 31  0
0 0 
 * French*Lick * 81,93 31
79 0 31  20  0 0 0  18247 0 0  -1  500 200 
0  0  1 0 31  0
0 0 
 * Hack*Point * 59,82 31
78 0 31  20  0 0 0  18247 0 0  -1  500 200 
0  0  1 0 31  0
0 0 
 * Iraan * 56,40 31
77 0 31  20  0 0 0  18247 0 0  -1  500 200 
0  0  1 0 31  0
0 0 
 * Koblenz * 64,79 31
76 0 31  20  0 0 0  18247 0 0  -1  500 200 
0  0  1 0 31  0
0 0 
 * Saint-Witz * 63,43 31
75 0 31  20  0 0 0  18247 0 0  -1  500 200 
0  0  1 0 31  0
0 0 
 * Gummi * 26,31 31
74 0 31  20  0 0 0  18247 0 0  -1  500 200 
0  0  1 0 31  0
0 0 
 * Mankato * 24,62 31
73 0 31  20  0 0 0  18247 0 0  -1  500 200 
0  0  1 0 31  0
0 0 
 * Grimsley * 87,65 31
72 0 31  20  0 0 0  18247 0 0  -1  500 200 
0  0  1 0 31  0
0 0 
 * Chundzha * 95,30 31
71 0 31  20  0 0 0  18247 0 0  -1  500 200 
0  0  1 0 31  0
0 0 
 * Stanleytown * 16,10 31
70 0 31  20  0 0 0  18247 0 0  -1  500 200 
0  0  1 0 31  0
0 0 
 * Rural*Hall * 51,41 31
69 0 31  20  0 0 0  18247 0 0  -1  500 200 
0  0  1 0 31  0
0 0 
 * Grundy*Center * 49,90 31
68 0 31  20  0 0 0  18247 0 0  -1  500 200 
0  0  1 0 31  0
0 0 
 * Hamtramck * 92,42 31
67 0 31  20  0 0 0  18247 0 0  -1  500 200 
0  0  1 0 31  0
0 0 
 * Enumclaw * 72,42 31
66 0 31  20  0 0 0  18247 0 0  -1  500 200 
0  0  1 0 31  0
0 0 
 * Hayti * 73,49 31
65 0 31  20  0 0 0  18247 0 0  -1  500 200 
0  0  1 0 31  0
0 0 
 * Wewahitchka * 52,34 31
64 0 31  20  0 0 0  18247 0 0  -1  500 200 
0  0  1 0 31  0
0 0 
 * Pocklington * 46,91 31
63 0 31  20  0 0 0  18247 0 0  -1  500 200 
0  0  1 0 31  0
0 0 
 * Fort*Qu'Appelle * 65,52 31
62 0 31  20  0 0 0  18247 0 0  -1  500 200 
0  0  1 0 31  0
0 0 
 * Fairless*Hills * 2,68 31
61 0 31  20  0 0 0  18247 0 0  -1  500 200 
0  0  1 0 31  0
0 0 
 * Guderup * 59,77 31
60 0 31  20  0 0 0  18247 0 0  -1  500 200 
0  0  1 0 31  0
0 0 
 * North*Zulch * 30,18 31
59 0 31  20  0 0 0  18247 0 0  -1  500 200 
0  0  1 0 31  0
0 0 
 * Fort*Washakie * 83,68 31
58 0 31  20  0 0 0  18247 0 0  -1  500 200 
0  0  1 0 31  0
0 0 
 * Sheboygan * 96,73 31
57 0 31  20  0 0 0  18247 0 0  -1  500 200 
0  0  1 0 31  0
0 0 
 * Forks * 5,20 31
56 0 31  20  0 0 0  18247 0 0  -1  500 200 
0  0  1 0 31  0
0 0 
 * Morafenobe * 38,97 31
55 0 31  20  0 0 0  18247 0 0  -1  500 200 
0  0  1 0 31  0
0 0 
 * Grindsted * 7,13 31
54 0 31  20  0 0 0  18247 0 0  -1  500 200 
0  0  1 0 31  0
0 0 
 * Ulm * 93,80 31
53 0 31  20  0 0 0  18247 0 0  -1  500 200 
0  0  1 0 31  0
0 0 
 * Kashgar * 46,78 31
52 0 31  20  0 0 0  18247 0 0  -1  500 200 
0  0  1 0 31  0
0 0 
 * Stupino * 75,44 31
51 0 31  20  0 0 0  18247 0 0  -1  500 200 
0  0  1 0 31  0
0 0 
 * Great*Village * 26,28 31
50 0 31  20  0 0 0  18247 0 0  -1  500 200 
0  0  1 0 31  0
0 0 
 * Alice*Springs * 95,28 31
49 0 31  20  0 0 0  18247 0 0  -1  500 200 
0  0  1 0 31  0
0 0 
 * Ware*Shoals * 85,35 31
48 0 31  20  0 0 0  18247 0 0  -1  500 200 
0  0  1 0 31  0
0 0 
 * Fowlstown * 4,97 31
47 0 31  20  0 0 0  18247 0 0  -1  500 200 
0  0  1 0 31  0
0 0 
 * Nephi * 60,37 31
46 0 31  20  0 0 0  18247 0 0  -1  500 200 
0  0  1 0 31  0
0 0 
 * Whitby * 94,68 31
45 0 31  20  0 0 0  18247 0 0  -1  500 200 
0  0  1 0 31  0
0 0 
 * Bobbio * 97,70 31
44 0 31  20  0 0 0  18247 0 0  -1  500 200 
0  0  1 0 31  0
0 0 
 * Whiskey*Bottom * 6,96 31
43 0 31  20  0 0 0  18247 0 0  -1  500 200 
0  0  1 0 31  0
0 0 
 * Halle * 5,95 31
42 0 31  20  0 0 0  18247 0 0  -1  500 200 
0  0  1 0 31  0
0 0 
 * Delta * 57,42 31
41 0 31  20  0 0 0  18247 0 0  -1  500 200 
0  0  1 0 31  0
0 0 
 * Woonsocket * 92,88 31
40 0 31  20  0 0 0  18247 0 0  -1  500 200 
0  0  1 0 31  0
0 0 
 * Dzaamar * 99,1 31
39 0 31  20  0 0 0  18247 0 0  -1  500 200 
0  0  1 0 31  0
0 0 
 * Pforzheim * 5,26 31
38 0 31  20  0 0 0  18247 0 0  -1  500 200 
0  0  1 0 31  0
0 0 
 * Drohiczyn * 90,41 31
37 0 31  20  0 0 0  18247 0 0  -1  500 200 
0  0  1 0 31  0
0 0 
 * Vikna * 42,96 31
36 0 31  20  0 0 0  18247 0 0  -1  500 200 
0  0  1 0 31  0
0 0 
 * Kaktovik * 22,87 31
35 0 31  20  0 0 0  18247 0 0  -1  500 200 
0  0  1 0 31  0
0 0 
 * Coon*Rapids * 68,77 31
34 0 31  20  0 0 0  18247 0 0  -1  500 200 
0  0  1 0 31  0
0 0 
 * Dresden * 12,47 31
33 0 31  20  0 0 0  18247 0 0  -1  500 200 
0  0  1 0 31  0
0 0 
 * Drumright * 53,42 31
32 0 31  20  0 0 0  18247 0 0  -1  500 200 
0  0  1 0 31  0
0 0 
 * North*Horr * 38,79 31
31 0 31  20  0 0 0  18247 0 0  -1  500 200 
0  0  1 0 31  0
0 0 
 * Cut*and*Shoot * 67,72 31
30 0 31  20  0 0 0  18247 0 0  -1  500 200 
0  0  1 0 31  0
0 0 
 * Turkey*Flat * 50,35 31
29 0 31  20  0 0 0  18247 0 0  -1  500 200 
0  0  1 0 31  0
0 0 
 * Scalp*Level * 85,42 31
28 0 31  20  0 0 0  18247 0 0  -1  500 200 
0  0  1 0 31  0
0 0 
 * Slavonice * 17,94 31
27 0 31  20  0 0 0  18247 0 0  -1  500 200 
0  0  1 0 31  0
0 0 
 * Uusikaupunki * 94,49 31
26 0 31  20  0 0 0  18247 0 0  -1  500 200 
0  0  1 0 31  0
0 0 
 * Podunk * 90,31 31
25 0 31  20  0 0 0  18247 0 0  -1  500 200 
0  0  1 0 31  0
0 0 
 * Bulls*Gap * 72,50 31
24 0 31  20  0 0 0  18247 0 0  -1  500 200 
0  0  1 0 31  0
0 0 
 * Winooski * 53,24 31
23 0 31  20  0 0 0  18247 0 0  -1  500 200 
0  0  1 0 31  0
0 0 
 * Stuarts*Draft * 27,28 31
22 0 31  20  0 0 0  18247 0 0  -1  500 200 
0  0  1 0 31  0
0 0 
 * Wutangjie * 66,41 31
21 0 31  20  0 0 0  18247 0 0  -1  500 200 
0  0  1 0 31  0
0 0 
 * High*Shoals * 49,95 31
20 0 31  20  0 0 0  18247 0 0  -1  500 200 
0  0  1 0 31  0
0 0 
 * Al-'Awsajiyah * 56,45 31
19 0 31  20  0 0 0  18247 0 0  -1  500 200 
0  0  1 0 31  0
0 0 
 * Tokma * 11,86 31
18 0 31  20  0 0 0  18247 0 0  -1  500 200 
0  0  1 0 31  0
0 0 
 * Bor * 81,72 31
17 0 31  20  0 0 0  18247 0 0  -1  500 200 
0  0  1 0 31  0
0 0 
 * Yadkinville * 44,44 31
16 0 31  20  0 0 0  18247 0 0  -1  500 200 
0  0  1 0 31  0
0 0 
 * Greeley * 11,96 31
15 0 31  20  0 0 0  18247 0 0  -1  500 200 
0  0  1 0 31  0
0 0 
 * Cogt-Ovoo * 49,33 31
14 0 31  20  0 0 0  18247 0 0  -1  500 200 
0  0  1 0 31  0
0 0 
 * Throop * 14,6 31
12 0 31  20  0 0 0  18247 0 0  -1  500 200 
0  0  1 0 31  0
0 0 
 * Cloverport * 16,9 31
11 0 31  20  0 0 0  18247 0 0  -1  500 200 
0  0  1 0 31  0
0 0 
 * Ouadda * 14,9 31
10 0 31  20  0 0 0  18247 0 0  -1  500 200 
0  0  1 0 31  0
0 0 
 * Gaastra * 13,8 31
9 0 31  20  0 0 0  18247 0 0  -1  500 200 
0  0  1 0 31  0
0 0 
 * Bushy*Park * 64,55 31
7 0 31  20  0 0 0  18247 0 0  -1  500 200 
0  0  1 0 31  0
0 0 
 @ Maheshwar * 66,56 0
2 1 0  40  0 0 0  3084 37 0  -1  900 400 
0  0  1 0 31  0
0 0 
 * Port*Deposit * 66,55 0
3 1 31  20  0 0 0  1542 17 0  -1  500 200 
0  0  1 0 31  0
0 0 
 * Pumphrey * 68,55 0
4 4 31  20  0 0 0  2827 51 0  -1  500 200 
0  0  1 0 31  0
0 0 
 * Goose*Prairie * 66,54 0
5 2 31  20  0 0 0  1542 18 0  -1  500 200 
0  0  1 0 31  0
0 0 
 * Broken*Arrow * 67,54 0
6 3 31  20  0 0 0  1542 19 0  -1  500 200 
0  0  1 0 31  0
0 0 
 i * * 69,51 0
116 1 31  1  0 0 0  18247 0 0  -1  6 6 
4  0  4 1 15 69,50 0
0 1 
 i * * 14,8 1
120 3 31  1  0 0 0  5911 2 0  -1  6 6 
5  0  2 3 31  0
0 0 
 * Rimbo * 15,7 1
13 1 31  20  0 0 0  1028 2 0  -1  500 200 
0  0  1 0 31  0
0 0 
 @ Madadi * 16,6 1
8 1 1  40  0 0 0  2313 18 0  -1  900 400 
0  0  1 0 31  0
0 0 
 i * * 16,6 1
118 2 31  1  0 0 0  18247 0 0  8  6 6 
0  0  1 0 31  0
0 0 
 / BU-/-01 * 15,8 1
119 1 31  10  0 0 0  18247 0 0  -1  50 25 
0  0  1 0 31  0
0 0 
 i * * 15,8 1
117 1 31  1  0 0 0  18247 0 1  119  6 6 
0  0  2 1 31  0
0 0 
 